
1800_1=[[1,2,3,4],[1,2,3,5],[1,2,4,5],[1,3,4,5],[2,3,4,6],[2,3,5,7],[2,3,6,7],[2,4,5,8],[2,4,6,9],[2,4,7,8],[2,4,7,9],[2,5,6,8],[2,5,6,9],[2,5,7,9],[2,6,7,8],[3,4,5,9],[3,4,6,8],[3,4,7,8],[3,4,7,9],[3,5,6,8],[3,5,6,9],[3,5,7,8],[3,6,7,9],[4,5,8,9],[4,6,8,9],[5,7,8,9],[6,7,8,9]]

1800_2=[[1,2,3,4],[1,2,3,5],[1,2,4,5],[1,3,4,5],[2,3,4,6],[2,3,5,7],[2,3,6,7],[2,4,5,8],[2,4,6,9],[2,4,7,8],[2,4,7,9],[2,5,7,9],[2,5,8,9],[2,6,7,8],[2,6,8,9],[3,4,5,9],[3,4,6,8],[3,4,7,8],[3,4,7,9],[3,5,7,8],[3,5,8,9],[3,6,7,9],[3,6,8,9],[4,5,6,8],[4,5,6,9],[5,6,7,8],[5,6,7,9]]

1800_3=[[1,2,3,4],[1,2,3,5],[1,2,4,5],[1,3,4,5],[2,3,4,6],[2,3,5,7],[2,3,6,8],[2,3,7,8],[2,4,5,8],[2,4,6,9],[2,4,7,8],[2,4,7,9],[2,5,7,9],[2,5,8,9],[2,6,8,9],[3,4,5,9],[3,4,6,7],[3,4,7,9],[3,5,6,7],[3,5,6,8],[3,5,8,9],[3,7,8,9],[4,5,6,8],[4,5,6,9],[4,6,7,8],[5,6,7,9],[6,7,8,9]]

1800_4=[[1,2,3,4],[1,2,3,5],[1,2,4,5],[1,3,4,6],[1,3,5,6],[1,4,5,6],[2,3,4,7],[2,3,5,8],[2,3,6,7],[2,3,6,8],[2,4,5,9],[2,4,6,8],[2,4,6,9],[2,4,7,8],[2,5,7,8],[2,5,7,9],[2,6,7,9],[3,4,6,9],[3,4,7,9],[3,5,6,7],[3,5,7,9],[3,5,8,9],[3,6,8,9],[4,5,6,8],[4,5,8,9],[4,7,8,9],[5,6,7,8],[6,7,8,9]]

1800_5=[[1,2,3,4],[1,2,3,5],[1,2,4,5],[1,3,4,6],[1,3,5,6],[1,4,5,6],[2,3,4,7],[2,3,5,8],[2,3,6,7],[2,3,6,8],[2,4,5,9],[2,4,7,8],[2,4,8,9],[2,5,7,8],[2,5,7,9],[2,6,7,9],[2,6,8,9],[3,4,6,8],[3,4,7,9],[3,4,8,9],[3,5,6,7],[3,5,7,9],[3,5,8,9],[4,5,6,9],[4,6,7,8],[4,6,7,9],[5,6,7,8],[5,6,8,9]]

1800_6=[[1,2,3,4],[1,2,3,5],[1,2,4,5],[1,3,4,6],[1,3,5,6],[1,4,5,6],[2,3,4,7],[2,3,5,8],[2,3,6,7],[2,3,6,9],[2,3,8,9],[2,4,5,9],[2,4,7,8],[2,4,8,9],[2,5,6,7],[2,5,6,9],[2,5,7,8],[3,4,6,9],[3,4,7,9],[3,5,6,8],[3,6,7,8],[3,7,8,9],[4,5,6,7],[4,5,7,9],[4,6,7,8],[4,6,8,9],[5,6,8,9],[5,7,8,9]]

1800_7=[[1,2,3,4],[1,2,3,5],[1,2,4,5],[1,3,4,6],[1,3,5,6],[1,4,5,6],[2,3,4,7],[2,3,5,8],[2,3,6,7],[2,3,6,9],[2,3,8,9],[2,4,5,9],[2,4,7,9],[2,5,6,7],[2,5,6,9],[2,5,7,8],[2,7,8,9],[3,4,6,9],[3,4,7,8],[3,4,8,9],[3,5,6,8],[3,6,7,8],[4,5,6,7],[4,5,7,8],[4,5,8,9],[4,6,7,9],[5,6,8,9],[6,7,8,9]]

1800_8=[[1,2,3,4],[1,2,3,5],[1,2,4,5],[1,3,4,6],[1,3,5,6],[1,4,5,7],[1,4,6,7],[1,5,6,7],[2,3,4,7],[2,3,5,8],[2,3,6,7],[2,3,6,8],[2,4,5,9],[2,4,7,8],[2,4,8,9],[2,5,6,7],[2,5,6,9],[2,5,7,8],[2,6,8,9],[3,4,6,8],[3,4,7,9],[3,4,8,9],[3,5,6,9],[3,5,8,9],[3,6,7,9],[4,5,7,9],[4,6,7,8],[5,7,8,9],[6,7,8,9]]

1800_9=[[1,2,3,4],[1,2,3,5],[1,2,4,5],[1,3,4,6],[1,3,5,6],[1,4,5,7],[1,4,6,7],[1,5,6,7],[2,3,4,7],[2,3,5,8],[2,3,6,7],[2,3,6,8],[2,4,5,9],[2,4,7,9],[2,5,6,7],[2,5,6,9],[2,5,7,8],[2,6,8,9],[2,7,8,9],[3,4,6,8],[3,4,7,8],[3,5,6,9],[3,5,8,9],[3,6,7,9],[3,7,8,9],[4,5,7,8],[4,5,8,9],[4,6,7,9],[4,6,8,9]]

1800_10=[[1,2,3,4],[1,2,3,5],[1,2,4,5],[1,3,4,6],[1,3,5,6],[1,4,5,7],[1,4,6,7],[1,5,6,7],[2,3,4,7],[2,3,5,8],[2,3,6,7],[2,3,6,9],[2,3,8,9],[2,4,5,9],[2,4,7,9],[2,5,6,7],[2,5,6,9],[2,5,7,8],[2,7,8,9],[3,4,6,9],[3,4,7,8],[3,4,8,9],[3,5,6,8],[3,6,7,8],[4,5,7,8],[4,5,8,9],[4,6,7,9],[5,6,8,9],[6,7,8,9]]

1800_11=[[1,2,3,4],[1,2,3,5],[1,2,4,5],[1,3,4,6],[1,3,5,6],[1,4,5,7],[1,4,6,7],[1,5,6,7],[2,3,4,7],[2,3,5,8],[2,3,6,8],[2,3,6,9],[2,3,7,9],[2,4,5,9],[2,4,6,7],[2,4,6,9],[2,5,7,8],[2,5,7,9],[2,6,7,8],[3,4,6,8],[3,4,7,8],[3,5,6,9],[3,5,8,9],[3,7,8,9],[4,5,7,8],[4,5,8,9],[4,6,8,9],[5,6,7,9],[6,7,8,9]]

1800_12=[[1,2,3,4],[1,2,3,5],[1,2,4,5],[1,3,4,6],[1,3,5,6],[1,4,5,7],[1,4,6,7],[1,5,6,7],[2,3,4,7],[2,3,5,8],[2,3,6,8],[2,3,6,9],[2,3,7,9],[2,4,5,9],[2,4,6,7],[2,4,6,9],[2,5,8,9],[2,6,7,8],[2,7,8,9],[3,4,6,8],[3,4,7,8],[3,5,6,9],[3,5,7,8],[3,5,7,9],[4,5,7,9],[4,6,8,9],[4,7,8,9],[5,6,7,8],[5,6,8,9]]

1800_13=[[1,2,3,4],[1,2,3,5],[1,2,4,5],[1,3,4,6],[1,3,5,6],[1,4,5,7],[1,4,6,7],[1,5,6,7],[2,3,4,7],[2,3,5,8],[2,3,7,9],[2,3,8,9],[2,4,5,9],[2,4,6,7],[2,4,6,8],[2,4,8,9],[2,5,6,8],[2,5,6,9],[2,6,7,9],[3,4,6,8],[3,4,7,8],[3,5,6,9],[3,5,7,8],[3,5,7,9],[3,6,8,9],[4,5,7,9],[4,7,8,9],[5,6,7,8],[6,7,8,9]]

1800_14=[[1,2,3,4],[1,2,3,5],[1,2,4,5],[1,3,4,6],[1,3,5,6],[1,4,5,7],[1,4,6,7],[1,5,6,7],[2,3,4,8],[2,3,5,9],[2,3,6,8],[2,3,6,9],[2,4,5,7],[2,4,7,9],[2,4,8,9],[2,5,7,8],[2,5,8,9],[2,6,7,8],[2,6,7,9],[3,4,6,9],[3,4,7,8],[3,4,7,9],[3,5,6,8],[3,5,7,8],[3,5,7,9],[4,6,7,8],[4,6,8,9],[5,6,7,9],[5,6,8,9]]

1800_15=[[1,2,3,4],[1,2,3,5],[1,2,4,5],[1,3,4,6],[1,3,5,6],[1,4,5,7],[1,4,6,7],[1,5,6,7],[2,3,4,8],[2,3,5,9],[2,3,8,9],[2,4,5,7],[2,4,6,8],[2,4,6,9],[2,4,7,9],[2,5,6,8],[2,5,6,9],[2,5,7,8],[2,7,8,9],[3,4,6,9],[3,4,7,8],[3,4,7,9],[3,5,6,8],[3,5,7,8],[3,5,7,9],[3,6,8,9],[4,6,7,8],[5,6,7,9],[6,7,8,9]]

1800_16=[[1,2,3,4],[1,2,3,5],[1,2,4,5],[1,3,4,6],[1,3,5,6],[1,4,5,7],[1,4,6,7],[1,5,6,8],[1,5,7,8],[1,6,7,8],[2,3,4,7],[2,3,5,8],[2,3,6,8],[2,3,6,9],[2,3,7,9],[2,4,5,9],[2,4,6,7],[2,4,6,9],[2,5,8,9],[2,6,7,8],[2,7,8,9],[3,4,6,8],[3,4,7,8],[3,5,6,9],[3,5,7,8],[3,5,7,9],[4,5,7,9],[4,6,8,9],[4,7,8,9],[5,6,8,9]]

1800_17=[[1,2,3,4],[1,2,3,5],[1,2,4,5],[1,3,4,6],[1,3,5,6],[1,4,5,7],[1,4,6,7],[1,5,6,8],[1,5,7,8],[1,6,7,8],[2,3,4,7],[2,3,5,8],[2,3,7,8],[2,4,5,9],[2,4,6,7],[2,4,6,8],[2,4,8,9],[2,5,6,8],[2,5,6,9],[2,6,7,9],[2,7,8,9],[3,4,6,8],[3,4,7,9],[3,4,8,9],[3,5,6,9],[3,5,8,9],[3,6,7,8],[3,6,7,9],[4,5,7,9],[5,7,8,9]]

1800_18=[[1,2,3,4],[1,2,3,5],[1,2,4,5],[1,3,4,6],[1,3,5,6],[1,4,5,7],[1,4,6,7],[1,5,6,8],[1,5,7,8],[1,6,7,8],[2,3,4,7],[2,3,5,8],[2,3,7,9],[2,3,8,9],[2,4,5,9],[2,4,6,7],[2,4,6,8],[2,4,8,9],[2,5,6,8],[2,5,6,9],[2,6,7,9],[3,4,6,8],[3,4,7,8],[3,5,6,9],[3,5,7,8],[3,5,7,9],[3,6,8,9],[4,5,7,9],[4,7,8,9],[6,7,8,9]]

1800_19=[[1,2,3,4],[1,2,3,5],[1,2,4,5],[1,3,4,6],[1,3,5,6],[1,4,5,7],[1,4,6,7],[1,5,6,8],[1,5,7,8],[1,6,7,8],[2,3,4,7],[2,3,5,9],[2,3,6,8],[2,3,6,9],[2,3,7,8],[2,4,5,8],[2,4,6,7],[2,4,6,8],[2,5,7,8],[2,5,7,9],[2,6,7,9],[3,4,6,9],[3,4,7,9],[3,5,6,8],[3,5,8,9],[3,7,8,9],[4,5,7,9],[4,5,8,9],[4,6,8,9],[6,7,8,9]]

1800_20=[[1,2,3,4],[1,2,3,5],[1,2,4,5],[1,3,4,6],[1,3,5,6],[1,4,5,7],[1,4,6,7],[1,5,6,8],[1,5,7,8],[1,6,7,8],[2,3,4,8],[2,3,5,7],[2,3,6,7],[2,3,6,8],[2,4,5,9],[2,4,6,7],[2,4,6,9],[2,4,7,8],[2,5,7,8],[2,5,8,9],[2,6,8,9],[3,4,6,9],[3,4,8,9],[3,5,6,8],[3,5,7,9],[3,5,8,9],[3,6,7,9],[4,5,7,9],[4,7,8,9],[6,7,8,9]]

1800_21=[[1,2,3,4],[1,2,3,5],[1,2,4,5],[1,3,4,6],[1,3,5,6],[1,4,5,7],[1,4,6,7],[1,5,6,8],[1,5,7,8],[1,6,7,8],[2,3,4,9],[2,3,5,7],[2,3,6,7],[2,3,6,8],[2,3,8,9],[2,4,5,8],[2,4,6,7],[2,4,6,8],[2,4,7,9],[2,5,7,8],[2,7,8,9],[3,4,6,9],[3,5,6,8],[3,5,7,9],[3,5,8,9],[3,6,7,9],[4,5,7,9],[4,5,8,9],[4,6,8,9],[6,7,8,9]]

1800_22=[[1,2,3,4],[1,2,3,5],[1,2,4,5],[1,3,4,6],[1,3,5,6],[1,4,5,7],[1,4,6,7],[1,5,6,8],[1,5,7,8],[1,6,7,9],[1,6,8,9],[1,7,8,9],[2,3,4,7],[2,3,5,8],[2,3,7,9],[2,3,8,9],[2,4,5,9],[2,4,6,7],[2,4,6,8],[2,4,8,9],[2,5,6,8],[2,5,6,9],[2,6,7,9],[3,4,6,8],[3,4,7,8],[3,5,6,9],[3,5,7,8],[3,5,7,9],[3,6,8,9],[4,5,7,9],[4,7,8,9]]

1800_23=[[1,2,3,4],[1,2,3,5],[1,2,4,5],[1,3,4,6],[1,3,5,6],[1,4,5,7],[1,4,6,7],[1,5,6,8],[1,5,7,8],[1,6,7,9],[1,6,8,9],[1,7,8,9],[2,3,4,7],[2,3,5,9],[2,3,6,8],[2,3,6,9],[2,3,7,8],[2,4,5,8],[2,4,6,7],[2,4,6,8],[2,5,7,8],[2,5,7,9],[2,6,7,9],[3,4,6,9],[3,4,7,9],[3,5,6,8],[3,5,8,9],[3,7,8,9],[4,5,7,9],[4,5,8,9],[4,6,8,9]]

1800_24=[[1,2,3,4],[1,2,3,5],[1,2,4,5],[1,3,4,6],[1,3,5,6],[1,4,5,7],[1,4,6,7],[1,5,6,8],[1,5,7,8],[1,6,7,9],[1,6,8,9],[1,7,8,9],[2,3,4,9],[2,3,5,7],[2,3,6,7],[2,3,6,8],[2,3,8,9],[2,4,5,8],[2,4,6,7],[2,4,6,8],[2,4,7,9],[2,5,7,8],[2,7,8,9],[3,4,6,9],[3,5,6,8],[3,5,7,9],[3,5,8,9],[3,6,7,9],[4,5,7,9],[4,5,8,9],[4,6,8,9]]

1800_25=[[1,2,3,4],[1,2,3,5],[1,2,4,5],[1,3,4,6],[1,3,5,6],[1,4,5,7],[1,4,6,7],[1,5,6,8],[1,5,7,8],[1,6,7,9],[1,6,8,9],[1,7,8,9],[2,3,4,9],[2,3,5,8],[2,3,8,9],[2,4,5,7],[2,4,6,8],[2,4,6,9],[2,4,7,8],[2,5,6,8],[2,5,6,9],[2,5,7,9],[2,7,8,9],[3,4,6,8],[3,4,7,8],[3,4,7,9],[3,5,6,9],[3,5,7,8],[3,5,7,9],[3,6,8,9],[4,6,7,9]]

1800_26=[[1,2,3,4],[1,2,3,5],[1,2,4,5],[1,3,4,6],[1,3,5,6],[1,4,5,7],[1,4,6,7],[1,5,6,8],[1,5,7,9],[1,5,8,9],[1,6,7,8],[1,7,8,9],[2,3,4,7],[2,3,5,8],[2,3,7,8],[2,4,5,9],[2,4,6,7],[2,4,6,8],[2,4,8,9],[2,5,6,8],[2,5,6,9],[2,6,7,9],[2,7,8,9],[3,4,6,8],[3,4,7,9],[3,4,8,9],[3,5,6,9],[3,5,8,9],[3,6,7,8],[3,6,7,9],[4,5,7,9]]

1800_27=[[1,2,3,4],[1,2,3,5],[1,2,4,5],[1,3,4,6],[1,3,5,6],[1,4,5,7],[1,4,6,7],[1,5,6,8],[1,5,7,9],[1,5,8,9],[1,6,7,9],[1,6,8,9],[2,3,4,7],[2,3,5,8],[2,3,7,9],[2,3,8,9],[2,4,5,9],[2,4,6,7],[2,4,6,9],[2,5,7,8],[2,5,7,9],[2,6,7,8],[2,6,8,9],[3,4,6,9],[3,4,7,8],[3,4,8,9],[3,5,6,8],[3,6,7,8],[3,6,7,9],[4,5,7,8],[4,5,8,9]]

1800_28=[[1,2,3,4],[1,2,3,5],[1,2,4,5],[1,3,4,6],[1,3,5,6],[1,4,5,7],[1,4,6,7],[1,5,6,8],[1,5,7,9],[1,5,8,9],[1,6,7,9],[1,6,8,9],[2,3,4,7],[2,3,5,9],[2,3,6,8],[2,3,6,9],[2,3,7,8],[2,4,5,8],[2,4,6,7],[2,4,6,8],[2,5,8,9],[2,6,7,9],[2,7,8,9],[3,4,6,9],[3,4,7,9],[3,5,6,8],[3,5,7,8],[3,5,7,9],[4,5,7,8],[4,6,8,9],[4,7,8,9]]

1800_29=[[1,2,3,4],[1,2,3,5],[1,2,4,5],[1,3,4,6],[1,3,5,6],[1,4,5,7],[1,4,6,7],[1,5,6,8],[1,5,7,9],[1,5,8,9],[1,6,7,9],[1,6,8,9],[2,3,4,8],[2,3,5,7],[2,3,6,7],[2,3,6,8],[2,4,5,9],[2,4,6,7],[2,4,6,9],[2,4,7,8],[2,5,7,9],[2,6,8,9],[2,7,8,9],[3,4,6,9],[3,4,8,9],[3,5,6,8],[3,5,7,8],[3,6,7,9],[3,7,8,9],[4,5,7,8],[4,5,8,9]]

1800_30=[[1,2,3,4],[1,2,3,5],[1,2,4,5],[1,3,4,6],[1,3,5,6],[1,4,5,7],[1,4,6,7],[1,5,6,8],[1,5,7,9],[1,5,8,9],[1,6,7,9],[1,6,8,9],[2,3,4,8],[2,3,5,9],[2,3,6,8],[2,3,6,9],[2,4,5,7],[2,4,7,9],[2,4,8,9],[2,5,7,8],[2,5,8,9],[2,6,7,8],[2,6,7,9],[3,4,6,9],[3,4,7,8],[3,4,7,9],[3,5,6,8],[3,5,7,8],[3,5,7,9],[4,6,7,8],[4,6,8,9]]

1800_31=[[1,2,3,4],[1,2,3,5],[1,2,4,5],[1,3,4,6],[1,3,5,6],[1,4,5,7],[1,4,6,7],[1,5,6,8],[1,5,7,9],[1,5,8,9],[1,6,7,9],[1,6,8,9],[2,3,4,9],[2,3,5,7],[2,3,6,7],[2,3,6,8],[2,3,8,9],[2,4,5,8],[2,4,6,7],[2,4,6,8],[2,4,7,9],[2,5,7,9],[2,5,8,9],[3,4,6,9],[3,5,6,8],[3,5,7,8],[3,6,7,9],[3,7,8,9],[4,5,7,8],[4,6,8,9],[4,7,8,9]]

1800_32=[[1,2,3,4],[1,2,3,5],[1,2,4,5],[1,3,4,6],[1,3,5,6],[1,4,5,7],[1,4,6,8],[1,4,7,8],[1,5,6,8],[1,5,7,8],[2,3,4,7],[2,3,5,8],[2,3,6,7],[2,3,6,8],[2,4,5,9],[2,4,6,8],[2,4,6,9],[2,4,7,8],[2,5,8,9],[2,6,7,9],[2,7,8,9],[3,4,6,9],[3,4,7,9],[3,5,6,7],[3,5,7,8],[3,6,8,9],[3,7,8,9],[4,5,7,9],[5,6,7,9],[5,6,8,9]]

1800_33=[[1,2,3,4],[1,2,3,5],[1,2,4,5],[1,3,4,6],[1,3,5,6],[1,4,5,7],[1,4,6,8],[1,4,7,8],[1,5,6,8],[1,5,7,8],[2,3,4,7],[2,3,5,8],[2,3,6,7],[2,3,6,9],[2,3,8,9],[2,4,5,9],[2,4,7,8],[2,4,8,9],[2,5,6,8],[2,5,6,9],[2,6,7,8],[3,4,6,9],[3,4,7,9],[3,5,6,7],[3,5,7,8],[3,7,8,9],[4,5,7,9],[4,6,8,9],[5,6,7,9],[6,7,8,9]]

1800_34=[[1,2,3,4],[1,2,3,5],[1,2,4,5],[1,3,4,6],[1,3,5,6],[1,4,5,7],[1,4,6,8],[1,4,7,8],[1,5,6,8],[1,5,7,8],[2,3,4,7],[2,3,5,8],[2,3,6,8],[2,3,6,9],[2,3,7,9],[2,4,5,9],[2,4,6,8],[2,4,6,9],[2,4,7,8],[2,5,8,9],[2,7,8,9],[3,4,6,7],[3,5,6,9],[3,5,7,8],[3,5,7,9],[3,6,7,8],[4,5,7,9],[4,6,7,9],[5,6,8,9],[6,7,8,9]]

1800_35=[[1,2,3,4],[1,2,3,5],[1,2,4,5],[1,3,4,6],[1,3,5,6],[1,4,5,7],[1,4,6,8],[1,4,7,8],[1,5,6,8],[1,5,7,8],[2,3,4,8],[2,3,5,9],[2,3,6,7],[2,3,6,8],[2,3,7,9],[2,4,5,7],[2,4,7,9],[2,4,8,9],[2,5,6,7],[2,5,6,8],[2,5,8,9],[3,4,6,7],[3,4,7,8],[3,5,6,9],[3,6,8,9],[3,7,8,9],[4,6,7,9],[4,6,8,9],[5,6,7,9],[5,7,8,9]]

1800_36=[[1,2,3,4],[1,2,3,5],[1,2,4,5],[1,3,4,6],[1,3,5,6],[1,4,5,7],[1,4,6,8],[1,4,7,8],[1,5,6,8],[1,5,7,8],[2,3,4,8],[2,3,5,9],[2,3,6,7],[2,3,6,9],[2,3,7,8],[2,4,5,7],[2,4,6,7],[2,4,6,8],[2,5,7,9],[2,6,8,9],[2,7,8,9],[3,4,6,9],[3,4,8,9],[3,5,6,7],[3,5,7,8],[3,5,8,9],[4,6,7,9],[4,7,8,9],[5,6,7,9],[5,6,8,9]]

1800_37=[[1,2,3,4],[1,2,3,5],[1,2,4,5],[1,3,4,6],[1,3,5,6],[1,4,5,7],[1,4,6,8],[1,4,7,8],[1,5,6,8],[1,5,7,8],[2,3,4,8],[2,3,5,9],[2,3,6,8],[2,3,6,9],[2,4,5,7],[2,4,7,9],[2,4,8,9],[2,5,6,7],[2,5,6,8],[2,5,8,9],[2,6,7,9],[3,4,6,9],[3,4,7,8],[3,4,7,9],[3,5,6,7],[3,5,7,9],[3,6,7,8],[4,6,8,9],[5,7,8,9],[6,7,8,9]]

1800_38=[[1,2,3,4],[1,2,3,5],[1,2,4,5],[1,3,4,6],[1,3,5,6],[1,4,5,7],[1,4,6,8],[1,4,7,8],[1,5,6,9],[1,5,7,8],[1,5,8,9],[1,6,8,9],[2,3,4,7],[2,3,5,8],[2,3,6,7],[2,3,6,8],[2,4,5,9],[2,4,6,8],[2,4,6,9],[2,4,7,8],[2,5,8,9],[2,6,7,9],[2,7,8,9],[3,4,6,9],[3,4,7,9],[3,5,6,7],[3,5,7,8],[3,6,8,9],[3,7,8,9],[4,5,7,9],[5,6,7,9]]

1800_39=[[1,2,3,4],[1,2,3,5],[1,2,4,5],[1,3,4,6],[1,3,5,6],[1,4,5,7],[1,4,6,8],[1,4,7,8],[1,5,6,9],[1,5,7,8],[1,5,8,9],[1,6,8,9],[2,3,4,7],[2,3,5,8],[2,3,6,8],[2,3,6,9],[2,3,7,9],[2,4,5,9],[2,4,6,8],[2,4,6,9],[2,4,7,8],[2,5,8,9],[2,7,8,9],[3,4,6,7],[3,5,6,9],[3,5,7,8],[3,5,7,9],[3,6,7,8],[4,5,7,9],[4,6,7,9],[6,7,8,9]]

1800_40=[[1,2,3,4],[1,2,3,5],[1,2,4,5],[1,3,4,6],[1,3,5,6],[1,4,5,7],[1,4,6,8],[1,4,7,8],[1,5,6,9],[1,5,7,8],[1,5,8,9],[1,6,8,9],[2,3,4,8],[2,3,5,7],[2,3,6,7],[2,3,6,9],[2,3,8,9],[2,4,5,9],[2,4,6,8],[2,4,6,9],[2,5,7,8],[2,5,8,9],[2,6,7,8],[3,4,6,7],[3,4,7,8],[3,5,6,9],[3,5,7,9],[3,7,8,9],[4,5,7,9],[4,6,7,9],[6,7,8,9]]

1800_41=[[1,2,3,4],[1,2,3,5],[1,2,4,5],[1,3,4,6],[1,3,5,6],[1,4,5,7],[1,4,6,8],[1,4,7,8],[1,5,6,9],[1,5,7,8],[1,5,8,9],[1,6,8,9],[2,3,4,8],[2,3,5,7],[2,3,7,9],[2,3,8,9],[2,4,5,9],[2,4,6,8],[2,4,6,9],[2,5,7,8],[2,5,8,9],[2,6,7,8],[2,6,7,9],[3,4,6,9],[3,4,7,8],[3,4,7,9],[3,5,6,7],[3,6,7,8],[3,6,8,9],[4,5,7,9],[5,6,7,9]]

1800_42=[[1,2,3,4],[1,2,3,5],[1,2,4,5],[1,3,4,6],[1,3,5,6],[1,4,5,7],[1,4,6,8],[1,4,7,8],[1,5,6,9],[1,5,7,8],[1,5,8,9],[1,6,8,9],[2,3,4,8],[2,3,5,9],[2,3,6,7],[2,3,6,9],[2,3,7,8],[2,4,5,7],[2,4,6,7],[2,4,6,8],[2,5,7,9],[2,6,8,9],[2,7,8,9],[3,4,6,9],[3,4,8,9],[3,5,6,7],[3,5,7,8],[3,5,8,9],[4,6,7,9],[4,7,8,9],[5,6,7,9]]

1800_43=[[1,2,3,4],[1,2,3,5],[1,2,4,5],[1,3,4,6],[1,3,5,6],[1,4,5,7],[1,4,6,8],[1,4,7,8],[1,5,6,9],[1,5,7,8],[1,5,8,9],[1,6,8,9],[2,3,4,8],[2,3,5,9],[2,3,7,8],[2,3,7,9],[2,4,5,7],[2,4,6,8],[2,4,6,9],[2,4,7,9],[2,5,6,7],[2,5,6,9],[2,6,7,8],[3,4,6,9],[3,4,8,9],[3,5,6,7],[3,5,7,8],[3,5,8,9],[3,6,7,9],[4,7,8,9],[6,7,8,9]]

1800_44=[[1,2,3,4],[1,2,3,5],[1,2,4,5],[1,3,4,6],[1,3,5,6],[1,4,5,7],[1,4,6,8],[1,4,7,8],[1,5,6,9],[1,5,7,8],[1,5,8,9],[1,6,8,9],[2,3,4,8],[2,3,5,9],[2,3,8,9],[2,4,5,7],[2,4,6,8],[2,4,6,9],[2,4,7,9],[2,5,6,7],[2,5,6,9],[2,6,7,8],[2,7,8,9],[3,4,6,9],[3,4,7,8],[3,4,7,9],[3,5,6,7],[3,5,7,9],[3,6,7,8],[3,6,8,9],[5,7,8,9]]

1800_45=[[1,2,3,4],[1,2,3,5],[1,2,4,5],[1,3,4,6],[1,3,5,6],[1,4,5,7],[1,4,6,8],[1,4,7,8],[1,5,6,9],[1,5,7,8],[1,5,8,9],[1,6,8,9],[2,3,4,9],[2,3,5,8],[2,3,6,7],[2,3,6,8],[2,3,7,9],[2,4,5,7],[2,4,6,7],[2,4,6,8],[2,4,8,9],[2,5,7,9],[2,5,8,9],[3,4,6,9],[3,5,6,7],[3,5,7,8],[3,6,8,9],[3,7,8,9],[4,6,7,9],[4,7,8,9],[5,6,7,9]]

1800_46=[[1,2,3,4],[1,2,3,5],[1,2,4,5],[1,3,4,6],[1,3,5,6],[1,4,5,7],[1,4,6,8],[1,4,7,8],[1,5,6,9],[1,5,7,8],[1,5,8,9],[1,6,8,9],[2,3,4,9],[2,3,5,8],[2,3,6,8],[2,3,6,9],[2,4,5,7],[2,4,6,7],[2,4,6,8],[2,4,8,9],[2,5,7,9],[2,5,8,9],[2,6,7,9],[3,4,6,7],[3,4,7,9],[3,5,6,9],[3,5,7,8],[3,5,7,9],[3,6,7,8],[4,7,8,9],[6,7,8,9]]

1800_47=[[1,2,3,4],[1,2,3,5],[1,2,4,5],[1,3,4,6],[1,3,5,6],[1,4,5,7],[1,4,6,8],[1,4,7,8],[1,5,6,9],[1,5,7,9],[1,6,7,8],[1,6,7,9],[2,3,4,8],[2,3,5,9],[2,3,6,8],[2,3,6,9],[2,4,5,7],[2,4,7,9],[2,4,8,9],[2,5,7,8],[2,5,8,9],[2,6,7,8],[2,6,7,9],[3,4,6,9],[3,4,7,8],[3,4,7,9],[3,5,6,8],[3,5,7,8],[3,5,7,9],[4,6,8,9],[5,6,8,9]]

1800_48=[[1,2,3,4],[1,2,3,5],[1,2,4,5],[1,3,4,6],[1,3,5,6],[1,4,5,7],[1,4,6,8],[1,4,7,8],[1,5,6,9],[1,5,7,9],[1,6,7,8],[1,6,7,9],[2,3,4,8],[2,3,5,9],[2,3,7,8],[2,3,7,9],[2,4,5,7],[2,4,6,8],[2,4,6,9],[2,4,7,9],[2,5,6,8],[2,5,6,9],[2,5,7,8],[3,4,6,9],[3,4,8,9],[3,5,6,8],[3,5,8,9],[3,6,7,8],[3,6,7,9],[4,7,8,9],[5,7,8,9]]

1800_49=[[1,2,3,4],[1,2,3,5],[1,2,4,5],[1,3,4,6],[1,3,5,6],[1,4,5,7],[1,4,6,8],[1,4,7,8],[1,5,6,9],[1,5,7,9],[1,6,7,8],[1,6,7,9],[2,3,4,8],[2,3,5,9],[2,3,8,9],[2,4,5,7],[2,4,6,8],[2,4,6,9],[2,4,7,9],[2,5,6,8],[2,5,6,9],[2,5,7,8],[2,7,8,9],[3,4,6,9],[3,4,7,8],[3,4,7,9],[3,5,6,8],[3,5,7,8],[3,5,7,9],[3,6,8,9],[6,7,8,9]]

1800_50=[[1,2,3,4],[1,2,3,5],[1,2,4,5],[1,3,4,6],[1,3,5,6],[1,4,5,7],[1,4,6,8],[1,4,7,8],[1,5,6,9],[1,5,7,9],[1,6,8,9],[1,7,8,9],[2,3,4,8],[2,3,5,8],[2,4,5,7],[2,4,6,8],[2,4,6,9],[2,4,7,9],[2,5,6,7],[2,5,6,9],[2,5,8,9],[2,6,7,8],[2,7,8,9],[3,4,6,9],[3,4,7,8],[3,4,7,9],[3,5,6,7],[3,5,7,9],[3,5,8,9],[3,6,7,8],[3,6,8,9]]

1800_51=[[1,2,3,4],[1,2,3,5],[1,2,4,5],[1,3,4,6],[1,3,5,6],[1,4,5,7],[1,4,6,8],[1,4,7,8],[1,5,6,9],[1,5,7,9],[1,6,8,9],[1,7,8,9],[2,3,4,8],[2,3,5,9],[2,3,8,9],[2,4,5,7],[2,4,6,7],[2,4,6,8],[2,5,6,8],[2,5,6,9],[2,5,7,8],[2,6,7,9],[2,7,8,9],[3,4,6,7],[3,4,7,8],[3,5,6,8],[3,5,7,8],[3,5,7,9],[3,6,7,9],[3,6,8,9]]

1800_52=[[1,2,3,4],[1,2,3,5],[1,2,4,5],[1,3,4,6],[1,3,5,6],[1,4,5,7],[1,4,6,8],[1,4,7,8],[1,5,6,9],[1,5,7,9],[1,6,8,9],[1,7,8,9],[2,3,4,8],[2,3,5,9],[2,3,8,9],[2,4,5,7],[2,4,6,7],[2,4,6,8],[2,5,6,8],[2,5,6,9],[2,5,7,8],[2,6,7,9],[2,7,8,9],[3,4,6,9],[3,4,7,8],[3,4,7,9],[3,5,6,8],[3,5,7,8],[3,5,7,9],[3,6,8,9],[4,6,7,9]]

1800_53=[[1,2,3,4],[1,2,3,5],[1,2,4,5],[1,3,4,6],[1,3,5,6],[1,4,5,7],[1,4,6,8],[1,4,7,8],[1,5,6,9],[1,5,7,9],[1,6,8,9],[1,7,8,9],[2,3,4,8],[2,3,5,9],[2,3,8,9],[2,4,5,7],[2,4,6,8],[2,4,6,9],[2,4,7,9],[2,5,6,8],[2,5,6,9],[2,5,7,8],[2,7,8,9],[3,4,6,7],[3,4,7,8],[3,5,6,8],[3,5,7,8],[3,5,7,9],[3,6,7,9],[3,6,8,9],[4,6,7,9]]

1800_54=[[1,2,3,4],[1,2,3,5],[1,2,4,5],[1,3,4,6],[1,3,5,6],[1,4,5,7],[1,4,6,8],[1,4,7,8],[1,5,6,9],[1,5,7,9],[1,6,8,9],[1,7,8,9],[2,3,4,8],[2,3,5,9],[2,3,8,9],[2,4,5,7],[2,4,6,8],[2,4,6,9],[2,4,7,9],[2,5,6,8],[2,5,6,9],[2,5,7,8],[2,7,8,9],[3,4,6,9],[3,4,7,8],[3,4,7,9],[3,5,6,8],[3,5,7,8],[3,5,7,9],[3,6,8,9]]

1800_55=[[1,2,3,4],[1,2,3,5],[1,2,4,5],[1,3,4,6],[1,3,5,6],[1,4,5,7],[1,4,6,8],[1,4,7,9],[1,4,8,9],[1,5,6,8],[1,5,7,9],[1,5,8,9],[2,3,4,8],[2,3,5,9],[2,3,6,7],[2,3,6,8],[2,3,7,9],[2,4,5,7],[2,4,7,8],[2,5,6,7],[2,5,6,8],[2,5,8,9],[2,7,8,9],[3,4,6,7],[3,4,7,9],[3,4,8,9],[3,5,6,9],[3,6,8,9],[4,6,7,8],[5,6,7,9],[6,7,8,9]]

1800_56=[[1,2,3,4],[1,2,3,5],[1,2,4,5],[1,3,4,6],[1,3,5,6],[1,4,5,7],[1,4,6,8],[1,4,7,9],[1,4,8,9],[1,5,6,8],[1,5,7,9],[1,5,8,9],[2,3,4,8],[2,3,5,9],[2,3,6,7],[2,3,6,9],[2,3,7,8],[2,4,5,7],[2,4,6,7],[2,4,6,8],[2,5,7,8],[2,5,8,9],[2,6,8,9],[3,4,6,9],[3,4,8,9],[3,5,6,7],[3,5,7,9],[3,7,8,9],[4,6,7,9],[5,6,7,8],[6,7,8,9]]

1800_57=[[1,2,3,4],[1,2,3,5],[1,2,4,5],[1,3,4,6],[1,3,5,6],[1,4,5,7],[1,4,6,8],[1,4,7,9],[1,4,8,9],[1,5,6,8],[1,5,7,9],[1,5,8,9],[2,3,4,8],[2,3,5,9],[2,3,7,8],[2,3,7,9],[2,4,5,7],[2,4,6,7],[2,4,6,8],[2,5,7,8],[2,5,8,9],[2,6,7,9],[2,6,8,9],[3,4,6,7],[3,4,7,9],[3,4,8,9],[3,5,6,9],[3,6,7,8],[3,6,8,9],[5,6,7,8],[5,6,7,9]]

1800_58=[[1,2,3,4],[1,2,3,5],[1,2,4,5],[1,3,4,6],[1,3,5,6],[1,4,5,7],[1,4,6,8],[1,4,7,9],[1,4,8,9],[1,5,6,9],[1,5,7,8],[1,5,8,9],[1,6,7,8],[1,6,7,9],[2,3,4,8],[2,3,5,8],[2,4,5,7],[2,4,6,8],[2,4,6,9],[2,4,7,9],[2,5,6,7],[2,5,6,9],[2,5,8,9],[2,6,7,8],[2,7,8,9],[3,4,6,9],[3,4,8,9],[3,5,6,7],[3,5,7,8],[3,6,7,9],[3,7,8,9]]

1800_59=[[1,2,3,4],[1,2,3,5],[1,2,4,5],[1,3,4,6],[1,3,5,6],[1,4,5,7],[1,4,6,8],[1,4,7,9],[1,4,8,9],[1,5,6,9],[1,5,7,8],[1,5,8,9],[1,6,7,8],[1,6,7,9],[2,3,4,8],[2,3,5,9],[2,3,7,8],[2,3,7,9],[2,4,5,7],[2,4,6,7],[2,4,6,8],[2,5,6,8],[2,5,6,9],[2,5,7,8],[2,6,7,9],[3,4,6,7],[3,4,7,9],[3,4,8,9],[3,5,6,8],[3,5,8,9],[3,6,7,8]]

1800_60=[[1,2,3,4],[1,2,3,5],[1,2,4,5],[1,3,4,6],[1,3,5,6],[1,4,5,7],[1,4,6,8],[1,4,7,9],[1,4,8,9],[1,5,6,9],[1,5,7,8],[1,5,8,9],[1,6,7,8],[1,6,7,9],[2,3,4,9],[2,3,5,8],[2,3,6,8],[2,3,6,9],[2,4,5,7],[2,4,6,7],[2,4,6,8],[2,4,8,9],[2,5,7,9],[2,5,8,9],[2,6,7,9],[3,4,6,7],[3,4,7,9],[3,5,6,9],[3,5,7,8],[3,5,7,9],[3,6,7,8]]

1800_61=[[1,2,3,4],[1,2,3,5],[1,2,4,5],[1,3,4,6],[1,3,5,6],[1,4,5,7],[1,4,6,8],[1,4,7,9],[1,4,8,9],[1,5,6,9],[1,5,7,8],[1,5,8,9],[1,6,7,8],[1,6,7,9],[2,3,4,9],[2,3,5,8],[2,3,6,8],[2,3,6,9],[2,4,5,7],[2,4,7,8],[2,4,8,9],[2,5,7,9],[2,5,8,9],[2,6,7,8],[2,6,7,9],[3,4,6,8],[3,4,7,8],[3,4,7,9],[3,5,6,9],[3,5,7,8],[3,5,7,9]]

1800_62=[[1,2,3,4],[1,2,3,5],[1,2,4,5],[1,3,4,6],[1,3,5,7],[1,3,6,7],[1,4,5,8],[1,4,6,7],[1,4,7,8],[1,5,7,8],[2,3,4,6],[2,3,5,8],[2,3,6,9],[2,3,7,8],[2,3,7,9],[2,4,5,9],[2,4,6,8],[2,4,7,8],[2,4,7,9],[2,5,6,8],[2,5,6,9],[3,5,7,9],[3,5,8,9],[3,6,7,8],[3,6,8,9],[4,5,8,9],[4,6,7,9],[4,6,8,9],[5,6,7,8],[5,6,7,9]]

1800_63=[[1,2,3,4],[1,2,3,5],[1,2,4,5],[1,3,4,6],[1,3,5,7],[1,3,6,7],[1,4,5,8],[1,4,6,7],[1,4,7,8],[1,5,7,8],[2,3,4,6],[2,3,5,8],[2,3,6,9],[2,3,7,8],[2,3,7,9],[2,4,5,9],[2,4,6,8],[2,4,7,8],[2,4,7,9],[2,5,8,9],[2,6,8,9],[3,5,6,8],[3,5,6,9],[3,5,7,9],[3,6,7,8],[4,5,6,8],[4,5,6,9],[4,6,7,9],[5,7,8,9],[6,7,8,9]]

1800_64=[[1,2,3,4],[1,2,3,5],[1,2,4,5],[1,3,4,6],[1,3,5,7],[1,3,6,7],[1,4,5,8],[1,4,6,7],[1,4,7,8],[1,5,7,8],[2,3,4,8],[2,3,5,6],[2,3,6,7],[2,3,7,8],[2,4,5,9],[2,4,8,9],[2,5,6,8],[2,5,7,8],[2,5,7,9],[2,6,7,9],[2,6,8,9],[3,4,6,8],[3,5,6,9],[3,5,7,9],[3,6,8,9],[3,7,8,9],[4,5,6,8],[4,5,6,9],[4,6,7,9],[4,7,8,9]]

1800_65=[[1,2,3,4],[1,2,3,5],[1,2,4,5],[1,3,4,6],[1,3,5,7],[1,3,6,7],[1,4,5,8],[1,4,6,7],[1,4,7,8],[1,5,7,8],[2,3,4,8],[2,3,5,6],[2,3,6,7],[2,3,7,9],[2,3,8,9],[2,4,5,9],[2,4,7,8],[2,4,7,9],[2,5,6,8],[2,5,8,9],[2,6,7,8],[3,4,6,8],[3,5,6,9],[3,5,7,9],[3,6,8,9],[4,5,6,8],[4,5,6,9],[4,6,7,9],[5,7,8,9],[6,7,8,9]]

1800_66=[[1,2,3,4],[1,2,3,5],[1,2,4,5],[1,3,4,6],[1,3,5,7],[1,3,6,7],[1,4,5,8],[1,4,6,7],[1,4,7,8],[1,5,7,8],[2,3,4,8],[2,3,5,6],[2,3,6,9],[2,3,8,9],[2,4,5,9],[2,4,6,7],[2,4,6,9],[2,4,7,8],[2,5,6,7],[2,5,7,9],[2,7,8,9],[3,4,6,8],[3,5,6,8],[3,5,7,9],[3,5,8,9],[3,6,7,9],[4,5,8,9],[4,6,8,9],[5,6,7,8],[6,7,8,9]]

1800_67=[[1,2,3,4],[1,2,3,5],[1,2,4,5],[1,3,4,6],[1,3,5,7],[1,3,6,7],[1,4,5,8],[1,4,6,8],[1,5,7,8],[1,6,7,8],[2,3,4,7],[2,3,5,6],[2,3,6,7],[2,4,5,9],[2,4,6,8],[2,4,6,9],[2,4,7,8],[2,5,6,8],[2,5,7,8],[2,5,7,9],[2,6,7,9],[3,4,6,9],[3,4,7,8],[3,4,8,9],[3,5,6,9],[3,5,7,9],[3,7,8,9],[4,5,8,9],[5,6,8,9],[6,7,8,9]]

1800_68=[[1,2,3,4],[1,2,3,5],[1,2,4,5],[1,3,4,6],[1,3,5,7],[1,3,6,7],[1,4,5,8],[1,4,6,8],[1,5,7,8],[1,6,7,8],[2,3,4,7],[2,3,5,6],[2,3,6,7],[2,4,5,9],[2,4,6,8],[2,4,6,9],[2,4,7,8],[2,5,6,8],[2,5,7,8],[2,5,7,9],[2,6,7,9],[3,4,6,9],[3,4,7,9],[3,5,6,9],[3,5,7,9],[4,5,8,9],[4,7,8,9],[5,6,8,9],[6,7,8,9]]

1800_69=[[1,2,3,4],[1,2,3,5],[1,2,4,5],[1,3,4,6],[1,3,5,7],[1,3,6,7],[1,4,5,8],[1,4,6,8],[1,5,7,8],[1,6,7,8],[2,3,4,7],[2,3,5,8],[2,3,6,7],[2,3,6,8],[2,4,5,6],[2,4,6,8],[2,4,7,8],[2,5,6,7],[2,5,7,8],[3,4,6,9],[3,4,7,9],[3,5,7,9],[3,5,8,9],[3,6,8,9],[4,5,6,9],[4,5,8,9],[4,7,8,9],[5,6,7,9],[6,7,8,9]]

1800_70=[[1,2,3,4],[1,2,3,5],[1,2,4,5],[1,3,4,6],[1,3,5,7],[1,3,6,7],[1,4,5,8],[1,4,6,8],[1,5,7,8],[1,6,7,8],[2,3,4,7],[2,3,5,8],[2,3,6,7],[2,3,6,8],[2,4,5,6],[2,4,6,8],[2,4,7,8],[2,5,6,9],[2,5,7,8],[2,5,7,9],[2,6,7,9],[3,4,6,9],[3,4,7,9],[3,5,7,9],[3,5,8,9],[3,6,8,9],[4,5,6,9],[4,5,8,9],[4,7,8,9],[6,7,8,9]]

1800_71=[[1,2,3,4],[1,2,3,5],[1,2,4,5],[1,3,4,6],[1,3,5,7],[1,3,6,7],[1,4,5,8],[1,4,6,8],[1,5,7,8],[1,6,7,8],[2,3,4,7],[2,3,5,8],[2,3,6,7],[2,3,6,8],[2,4,5,9],[2,4,6,8],[2,4,6,9],[2,4,7,8],[2,5,6,7],[2,5,6,9],[2,5,7,8],[3,4,6,9],[3,4,7,9],[3,5,7,9],[3,5,8,9],[3,6,8,9],[4,5,8,9],[4,7,8,9],[5,6,7,9],[6,7,8,9]]

1800_72=[[1,2,3,4],[1,2,3,5],[1,2,4,5],[1,3,4,6],[1,3,5,7],[1,3,6,7],[1,4,5,8],[1,4,6,8],[1,5,7,8],[1,6,7,8],[2,3,4,7],[2,3,5,8],[2,3,6,7],[2,3,6,8],[2,4,5,9],[2,4,6,8],[2,4,6,9],[2,4,7,8],[2,5,7,8],[2,5,7,9],[2,6,7,9],[3,4,6,9],[3,4,7,9],[3,5,6,8],[3,5,6,9],[3,5,7,9],[4,5,8,9],[4,7,8,9],[5,6,8,9],[6,7,8,9]]

1800_73=[[1,2,3,4],[1,2,3,5],[1,2,4,5],[1,3,4,6],[1,3,5,7],[1,3,6,7],[1,4,5,8],[1,4,6,8],[1,5,7,8],[1,6,7,8],[2,3,4,7],[2,3,5,8],[2,3,6,7],[2,3,6,8],[2,4,5,9],[2,4,6,8],[2,4,6,9],[2,4,7,8],[2,5,7,8],[2,5,7,9],[2,6,7,9],[3,4,6,9],[3,4,7,9],[3,5,7,9],[3,5,8,9],[3,6,8,9],[4,5,8,9],[4,7,8,9],[6,7,8,9]]

1800_74=[[1,2,3,4],[1,2,3,5],[1,2,4,5],[1,3,4,6],[1,3,5,7],[1,3,6,7],[1,4,5,8],[1,4,6,8],[1,5,7,8],[1,6,7,9],[1,6,8,9],[1,7,8,9],[2,3,4,7],[2,3,5,6],[2,3,6,7],[2,4,5,9],[2,4,6,8],[2,4,6,9],[2,4,7,8],[2,5,6,8],[2,5,7,8],[2,5,7,9],[2,6,7,9],[3,4,6,9],[3,4,7,8],[3,4,8,9],[3,5,6,9],[3,5,7,9],[3,7,8,9],[4,5,8,9],[5,6,8,9]]

1800_75=[[1,2,3,4],[1,2,3,5],[1,2,4,5],[1,3,4,6],[1,3,5,7],[1,3,6,7],[1,4,5,8],[1,4,6,8],[1,5,7,8],[1,6,7,9],[1,6,8,9],[1,7,8,9],[2,3,4,7],[2,3,5,6],[2,3,6,7],[2,4,5,9],[2,4,6,8],[2,4,6,9],[2,4,7,8],[2,5,6,8],[2,5,7,8],[2,5,7,9],[2,6,7,9],[3,4,6,9],[3,4,7,9],[3,5,6,9],[3,5,7,9],[4,5,8,9],[4,7,8,9],[5,6,8,9]]

1800_76=[[1,2,3,4],[1,2,3,5],[1,2,4,5],[1,3,4,6],[1,3,5,7],[1,3,6,7],[1,4,5,8],[1,4,6,8],[1,5,7,8],[1,6,7,9],[1,6,8,9],[1,7,8,9],[2,3,4,7],[2,3,5,8],[2,3,6,7],[2,3,6,8],[2,4,5,6],[2,4,6,8],[2,4,7,8],[2,5,6,7],[2,5,7,8],[3,4,6,9],[3,4,7,9],[3,5,7,9],[3,5,8,9],[3,6,8,9],[4,5,6,9],[4,5,8,9],[4,7,8,9],[5,6,7,9]]

1800_77=[[1,2,3,4],[1,2,3,5],[1,2,4,5],[1,3,4,6],[1,3,5,7],[1,3,6,7],[1,4,5,8],[1,4,6,8],[1,5,7,8],[1,6,7,9],[1,6,8,9],[1,7,8,9],[2,3,4,7],[2,3,5,8],[2,3,6,7],[2,3,6,8],[2,4,5,6],[2,4,6,8],[2,4,7,8],[2,5,6,9],[2,5,7,8],[2,5,7,9],[2,6,7,9],[3,4,6,9],[3,4,7,9],[3,5,7,9],[3,5,8,9],[3,6,8,9],[4,5,6,9],[4,5,8,9],[4,7,8,9]]

1800_78=[[1,2,3,4],[1,2,3,5],[1,2,4,5],[1,3,4,6],[1,3,5,7],[1,3,6,7],[1,4,5,8],[1,4,6,8],[1,5,7,8],[1,6,7,9],[1,6,8,9],[1,7,8,9],[2,3,4,7],[2,3,5,8],[2,3,6,7],[2,3,6,8],[2,4,5,9],[2,4,6,8],[2,4,6,9],[2,4,7,8],[2,5,7,8],[2,5,7,9],[2,6,7,9],[3,4,6,9],[3,4,7,9],[3,5,7,9],[3,5,8,9],[3,6,8,9],[4,5,8,9],[4,7,8,9]]

1800_79=[[1,2,3,4],[1,2,3,5],[1,2,4,5],[1,3,4,6],[1,3,5,7],[1,3,6,7],[1,4,5,8],[1,4,6,8],[1,5,7,9],[1,5,8,9],[1,6,7,9],[1,6,8,9],[2,3,4,7],[2,3,5,6],[2,3,6,7],[2,4,5,8],[2,4,7,9],[2,4,8,9],[2,5,6,9],[2,5,7,8],[2,5,7,9],[2,6,7,8],[2,6,8,9],[3,4,6,9],[3,4,7,8],[3,4,8,9],[3,5,6,9],[3,5,7,8],[3,5,8,9],[4,6,7,8],[4,6,7,9]]

1800_80=[[1,2,3,4],[1,2,3,5],[1,2,4,5],[1,3,4,6],[1,3,5,7],[1,3,6,7],[1,4,5,8],[1,4,6,8],[1,5,7,9],[1,5,8,9],[1,6,7,9],[1,6,8,9],[2,3,4,7],[2,3,5,6],[2,3,6,7],[2,4,5,9],[2,4,6,8],[2,4,6,9],[2,4,7,8],[2,5,6,8],[2,5,8,9],[2,6,7,9],[2,7,8,9],[3,4,6,9],[3,4,7,9],[3,5,6,8],[3,5,7,8],[3,6,8,9],[3,7,8,9],[4,5,7,8],[4,5,7,9]]

1800_81=[[1,2,3,4],[1,2,3,5],[1,2,4,5],[1,3,4,6],[1,3,5,7],[1,3,6,7],[1,4,5,8],[1,4,6,8],[1,5,7,9],[1,5,8,9],[1,6,7,9],[1,6,8,9],[2,3,4,7],[2,3,5,8],[2,3,6,7],[2,3,6,8],[2,4,5,6],[2,4,6,8],[2,4,7,8],[2,5,6,9],[2,5,8,9],[2,6,7,9],[2,7,8,9],[3,4,6,9],[3,4,7,9],[3,5,7,8],[3,6,8,9],[3,7,8,9],[4,5,6,9],[4,5,7,8],[4,5,7,9]]

1800_82=[[1,2,3,4],[1,2,3,5],[1,2,4,5],[1,3,4,6],[1,3,5,7],[1,3,6,7],[1,4,5,8],[1,4,6,8],[1,5,7,9],[1,5,8,9],[1,6,7,9],[1,6,8,9],[2,3,4,7],[2,3,5,8],[2,3,6,7],[2,3,6,8],[2,4,5,9],[2,4,6,8],[2,4,6,9],[2,4,7,8],[2,5,8,9],[2,6,7,9],[2,7,8,9],[3,4,6,9],[3,4,7,9],[3,5,7,8],[3,6,8,9],[3,7,8,9],[4,5,7,8],[4,5,7,9]]

1800_83=[[1,2,3,4],[1,2,3,5],[1,2,4,5],[1,3,4,6],[1,3,5,7],[1,3,6,7],[1,4,5,8],[1,4,6,8],[1,5,7,9],[1,5,8,9],[1,6,7,9],[1,6,8,9],[2,3,4,7],[2,3,5,9],[2,3,6,7],[2,3,6,9],[2,4,5,8],[2,4,7,9],[2,4,8,9],[2,5,6,7],[2,5,6,8],[2,5,7,9],[2,6,8,9],[3,4,6,9],[3,4,7,8],[3,4,8,9],[3,5,7,8],[3,5,8,9],[4,6,7,8],[4,6,7,9],[5,6,7,8]]

1800_84=[[1,2,3,4],[1,2,3,5],[1,2,4,5],[1,3,4,6],[1,3,5,7],[1,3,6,7],[1,4,5,8],[1,4,6,8],[1,5,7,9],[1,5,8,9],[1,6,7,9],[1,6,8,9],[2,3,4,7],[2,3,5,9],[2,3,6,7],[2,3,6,9],[2,4,5,8],[2,4,7,9],[2,4,8,9],[2,5,7,8],[2,5,7,9],[2,6,7,8],[2,6,8,9],[3,4,6,9],[3,4,7,8],[3,4,8,9],[3,5,7,8],[3,5,8,9],[4,6,7,8],[4,6,7,9]]

1800_85=[[1,2,3,4],[1,2,3,5],[1,2,4,5],[1,3,4,6],[1,3,5,7],[1,3,6,7],[1,4,5,8],[1,4,6,8],[1,5,7,9],[1,5,8,9],[1,6,7,9],[1,6,8,9],[2,3,4,9],[2,3,5,6],[2,3,6,7],[2,3,7,9],[2,4,5,7],[2,4,6,7],[2,4,6,8],[2,4,8,9],[2,5,6,8],[2,5,7,9],[2,5,8,9],[3,4,6,9],[3,5,6,8],[3,5,7,8],[3,6,8,9],[3,7,8,9],[4,5,7,8],[4,6,7,9],[4,7,8,9]]

1800_86=[[1,2,3,4],[1,2,3,5],[1,2,4,5],[1,3,4,6],[1,3,5,7],[1,3,6,7],[1,4,5,8],[1,4,6,8],[1,5,7,9],[1,5,8,9],[1,6,7,9],[1,6,8,9],[2,3,4,9],[2,3,5,8],[2,3,6,7],[2,3,6,8],[2,3,7,9],[2,4,5,7],[2,4,6,7],[2,4,6,8],[2,4,8,9],[2,5,7,9],[2,5,8,9],[3,4,6,9],[3,5,7,8],[3,6,8,9],[3,7,8,9],[4,5,7,8],[4,6,7,9],[4,7,8,9]]

1800_87=[[1,2,3,4],[1,2,3,5],[1,2,4,5],[1,3,4,6],[1,3,5,7],[1,3,6,7],[1,4,5,8],[1,4,6,9],[1,4,7,8],[1,4,7,9],[1,5,6,8],[1,5,6,9],[1,5,7,9],[1,6,7,8],[2,3,4,6],[2,3,5,8],[2,3,6,9],[2,3,7,8],[2,3,7,9],[2,4,5,9],[2,4,6,8],[2,4,7,8],[2,4,7,9],[2,5,6,8],[2,5,6,9],[3,5,7,9],[3,5,8,9],[3,6,7,8],[3,6,8,9],[4,5,8,9],[4,6,8,9]]

1800_88=[[1,2,3,4],[1,2,3,5],[1,2,4,5],[1,3,4,6],[1,3,5,7],[1,3,6,7],[1,4,5,8],[1,4,6,9],[1,4,7,8],[1,4,7,9],[1,5,6,8],[1,5,6,9],[1,5,7,9],[1,6,7,8],[2,3,4,7],[2,3,5,6],[2,3,6,7],[2,4,5,8],[2,4,6,8],[2,4,6,9],[2,4,7,9],[2,5,6,9],[2,5,7,8],[2,5,7,9],[2,6,7,8],[3,4,6,8],[3,4,7,8],[3,5,6,8],[3,5,7,8]]

1800_89=[[1,2,3,4],[1,2,3,5],[1,2,4,5],[1,3,4,6],[1,3,5,7],[1,3,6,7],[1,4,5,8],[1,4,6,9],[1,4,7,8],[1,4,7,9],[1,5,6,8],[1,5,6,9],[1,5,7,9],[1,6,7,8],[2,3,4,7],[2,3,5,6],[2,3,6,7],[2,4,5,8],[2,4,7,9],[2,4,8,9],[2,5,6,9],[2,5,8,9],[2,6,7,9],[3,4,6,8],[3,4,7,8],[3,5,6,8],[3,5,7,8],[4,6,8,9],[5,7,8,9],[6,7,8,9]]

1800_90=[[1,2,3,4],[1,2,3,5],[1,2,4,5],[1,3,4,6],[1,3,5,7],[1,3,6,7],[1,4,5,8],[1,4,6,9],[1,4,7,8],[1,4,7,9],[1,5,6,8],[1,5,6,9],[1,5,7,9],[1,6,7,8],[2,3,4,7],[2,3,5,6],[2,3,6,7],[2,4,5,8],[2,4,7,9],[2,4,8,9],[2,5,6,9],[2,5,8,9],[2,6,7,9],[3,4,6,8],[3,4,7,8],[3,5,6,8],[3,5,7,9],[3,5,8,9],[3,7,8,9],[4,6,8,9],[6,7,8,9]]

1800_91=[[1,2,3,4],[1,2,3,5],[1,2,4,5],[1,3,4,6],[1,3,5,7],[1,3,6,7],[1,4,5,8],[1,4,6,9],[1,4,7,8],[1,4,7,9],[1,5,6,8],[1,5,6,9],[1,5,7,9],[1,6,7,8],[2,3,4,7],[2,3,5,6],[2,3,6,9],[2,3,7,9],[2,4,5,8],[2,4,7,9],[2,4,8,9],[2,5,6,9],[2,5,8,9],[3,4,6,8],[3,4,7,8],[3,5,6,8],[3,5,7,8],[3,6,7,9],[4,6,8,9],[5,7,8,9],[6,7,8,9]]

1800_92=[[1,2,3,4],[1,2,3,5],[1,2,4,5],[1,3,4,6],[1,3,5,7],[1,3,6,7],[1,4,5,8],[1,4,6,9],[1,4,7,8],[1,4,7,9],[1,5,6,8],[1,5,6,9],[1,5,7,9],[1,6,7,8],[2,3,4,7],[2,3,5,8],[2,3,6,7],[2,3,6,8],[2,4,5,9],[2,4,7,9],[2,5,6,8],[2,5,6,9],[2,6,7,9],[3,4,6,8],[3,4,7,8],[3,5,7,8],[4,5,8,9],[4,6,8,9],[5,7,8,9],[6,7,8,9]]

1800_93=[[1,2,3,4],[1,2,3,5],[1,2,4,5],[1,3,4,6],[1,3,5,7],[1,3,6,7],[1,4,5,8],[1,4,6,9],[1,4,7,8],[1,4,7,9],[1,5,6,8],[1,5,6,9],[1,5,7,9],[1,6,7,8],[2,3,4,7],[2,3,5,8],[2,3,6,7],[2,3,6,8],[2,4,5,9],[2,4,7,9],[2,5,6,8],[2,5,6,9],[2,6,7,9],[3,4,6,9],[3,4,7,8],[3,4,8,9],[3,5,7,8],[3,6,8,9],[4,5,8,9],[5,7,8,9],[6,7,8,9]]

1800_94=[[1,2,3,4],[1,2,3,5],[1,2,4,5],[1,3,4,6],[1,3,5,7],[1,3,6,7],[1,4,5,8],[1,4,6,9],[1,4,7,8],[1,4,7,9],[1,5,6,8],[1,5,6,9],[1,5,7,9],[1,6,7,8],[2,3,4,7],[2,3,5,9],[2,3,6,7],[2,3,6,9],[2,4,5,8],[2,4,7,9],[2,4,8,9],[2,5,7,8],[2,5,7,9],[2,6,7,8],[2,6,8,9],[3,4,6,9],[3,4,7,8],[3,4,8,9],[3,5,7,8],[3,5,8,9],[5,6,8,9]]

1800_95=[[1,2,3,4],[1,2,3,5],[1,2,4,5],[1,3,4,6],[1,3,5,7],[1,3,6,7],[1,4,5,8],[1,4,6,9],[1,4,7,8],[1,4,7,9],[1,5,7,9],[1,5,8,9],[1,6,7,8],[1,6,8,9],[2,3,4,7],[2,3,5,6],[2,3,6,7],[2,4,5,8],[2,4,7,9],[2,4,8,9],[2,5,6,9],[2,5,7,8],[2,5,7,9],[2,6,7,8],[2,6,8,9],[3,4,6,9],[3,4,7,8],[3,4,8,9],[3,5,6,9],[3,5,7,8],[3,5,8,9]]

1800_96=[[1,2,3,4],[1,2,3,5],[1,2,4,5],[1,3,4,6],[1,3,5,7],[1,3,6,7],[1,4,5,8],[1,4,6,9],[1,4,7,8],[1,4,7,9],[1,5,7,9],[1,5,8,9],[1,6,7,8],[1,6,8,9],[2,3,4,7],[2,3,5,8],[2,3,6,7],[2,3,6,8],[2,4,5,6],[2,4,6,9],[2,4,7,9],[2,5,6,7],[2,5,7,9],[2,5,8,9],[2,6,8,9],[3,4,6,8],[3,4,7,8],[3,5,7,8],[4,5,6,8],[5,6,7,8]]

1800_97=[[1,2,3,4],[1,2,3,5],[1,2,4,5],[1,3,4,6],[1,3,5,7],[1,3,6,7],[1,4,5,8],[1,4,6,9],[1,4,7,8],[1,4,7,9],[1,5,7,9],[1,5,8,9],[1,6,7,8],[1,6,8,9],[2,3,4,7],[2,3,5,8],[2,3,7,9],[2,3,8,9],[2,4,5,6],[2,4,6,9],[2,4,7,9],[2,5,6,9],[2,5,8,9],[3,4,6,8],[3,4,7,8],[3,5,7,8],[3,6,7,9],[3,6,8,9],[4,5,6,8],[5,6,7,8],[5,6,7,9]]

1800_98=[[1,2,3,4],[1,2,3,5],[1,2,4,5],[1,3,4,6],[1,3,5,7],[1,3,6,7],[1,4,5,8],[1,4,6,9],[1,4,7,8],[1,4,7,9],[1,5,7,9],[1,5,8,9],[1,6,7,8],[1,6,8,9],[2,3,4,7],[2,3,5,9],[2,3,6,7],[2,3,6,9],[2,4,5,6],[2,4,6,9],[2,4,7,9],[2,5,6,7],[2,5,7,9],[3,4,6,8],[3,4,7,8],[3,5,7,8],[3,5,8,9],[3,6,8,9],[4,5,6,8],[5,6,7,8]]

1800_99=[[1,2,3,4],[1,2,3,5],[1,2,4,5],[1,3,4,6],[1,3,5,7],[1,3,6,7],[1,4,5,8],[1,4,6,9],[1,4,7,8],[1,4,7,9],[1,5,7,9],[1,5,8,9],[1,6,7,8],[1,6,8,9],[2,3,4,7],[2,3,5,9],[2,3,6,7],[2,3,6,9],[2,4,5,8],[2,4,6,8],[2,4,6,9],[2,4,7,9],[2,5,6,7],[2,5,6,8],[2,5,7,9],[3,4,6,8],[3,4,7,8],[3,5,7,8],[3,5,8,9],[3,6,8,9],[5,6,7,8]]

1800_100=[[1,2,3,4],[1,2,3,5],[1,2,4,5],[1,3,4,6],[1,3,5,7],[1,3,6,7],[1,4,5,8],[1,4,6,9],[1,4,7,8],[1,4,7,9],[1,5,7,9],[1,5,8,9],[1,6,7,8],[1,6,8,9],[2,3,4,7],[2,3,5,9],[2,3,6,7],[2,3,6,9],[2,4,5,8],[2,4,6,8],[2,4,6,9],[2,4,7,9],[2,5,7,8],[2,5,7,9],[2,6,7,8],[3,4,6,8],[3,4,7,8],[3,5,7,8],[3,5,8,9],[3,6,8,9]]

1800_101=[[1,2,3,4],[1,2,3,5],[1,2,4,5],[1,3,4,6],[1,3,5,7],[1,3,6,7],[1,4,5,8],[1,4,6,9],[1,4,7,8],[1,4,7,9],[1,5,7,9],[1,5,8,9],[1,6,7,8],[1,6,8,9],[2,3,4,8],[2,3,5,9],[2,3,6,7],[2,3,6,9],[2,3,7,8],[2,4,5,6],[2,4,6,9],[2,4,7,8],[2,4,7,9],[2,5,6,7],[2,5,7,9],[3,4,6,8],[3,5,7,8],[3,5,8,9],[3,6,8,9],[4,5,6,8],[5,6,7,8]]

1800_102=[[1,2,3,4],[1,2,3,5],[1,2,4,5],[1,3,4,6],[1,3,5,7],[1,3,6,7],[1,4,5,8],[1,4,6,9],[1,4,8,9],[1,5,7,9],[1,5,8,9],[1,6,7,9],[2,3,4,7],[2,3,5,8],[2,3,6,7],[2,3,6,8],[2,4,5,6],[2,4,6,9],[2,4,7,9],[2,5,6,7],[2,5,7,9],[2,5,8,9],[2,6,8,9],[3,4,6,8],[3,4,7,8],[3,5,7,8],[4,5,6,8],[4,7,8,9],[5,6,7,8],[6,7,8,9]]

1800_103=[[1,2,3,4],[1,2,3,5],[1,2,4,5],[1,3,4,6],[1,3,5,7],[1,3,6,7],[1,4,5,8],[1,4,6,9],[1,4,8,9],[1,5,7,9],[1,5,8,9],[1,6,7,9],[2,3,4,7],[2,3,5,8],[2,3,6,7],[2,3,6,9],[2,3,8,9],[2,4,5,6],[2,4,6,9],[2,4,7,9],[2,5,6,7],[2,5,7,9],[2,5,8,9],[3,4,6,8],[3,4,7,8],[3,5,7,8],[3,6,8,9],[4,5,6,8],[4,7,8,9],[5,6,7,8],[6,7,8,9]]

1800_104=[[1,2,3,4],[1,2,3,5],[1,2,4,5],[1,3,4,6],[1,3,5,7],[1,3,6,7],[1,4,5,8],[1,4,6,9],[1,4,8,9],[1,5,7,9],[1,5,8,9],[1,6,7,9],[2,3,4,7],[2,3,5,9],[2,3,6,7],[2,3,6,9],[2,4,5,6],[2,4,6,9],[2,4,7,9],[2,5,6,7],[2,5,7,9],[3,4,6,8],[3,4,7,8],[3,5,7,8],[3,5,8,9],[3,6,8,9],[4,5,6,8],[4,7,8,9],[5,6,7,8],[6,7,8,9]]

1800_105=[[1,2,3,4],[1,2,3,5],[1,2,4,5],[1,3,4,6],[1,3,5,7],[1,3,6,7],[1,4,5,8],[1,4,6,9],[1,4,8,9],[1,5,7,9],[1,5,8,9],[1,6,7,9],[2,3,4,7],[2,3,5,9],[2,3,6,7],[2,3,6,9],[2,4,5,8],[2,4,6,8],[2,4,6,9],[2,4,7,9],[2,5,6,7],[2,5,6,8],[2,5,7,9],[3,4,6,8],[3,4,7,8],[3,5,7,8],[3,5,8,9],[3,6,8,9],[4,7,8,9],[5,6,7,8],[6,7,8,9]]

1800_106=[[1,2,3,4],[1,2,3,5],[1,2,4,5],[1,3,4,6],[1,3,5,7],[1,3,6,7],[1,4,5,8],[1,4,6,9],[1,4,8,9],[1,5,7,9],[1,5,8,9],[1,6,7,9],[2,3,4,7],[2,3,5,9],[2,3,6,7],[2,3,6,9],[2,4,5,8],[2,4,6,8],[2,4,6,9],[2,4,7,9],[2,5,7,8],[2,5,7,9],[2,6,7,8],[3,4,6,8],[3,4,7,8],[3,5,7,8],[3,5,8,9],[3,6,8,9],[4,7,8,9],[6,7,8,9]]

1800_107=[[1,2,3,4],[1,2,3,5],[1,2,4,5],[1,3,4,6],[1,3,5,7],[1,3,6,7],[1,4,5,8],[1,4,6,9],[1,4,8,9],[1,5,7,9],[1,5,8,9],[1,6,7,9],[2,3,4,8],[2,3,5,9],[2,3,6,7],[2,3,6,9],[2,3,7,8],[2,4,5,6],[2,4,6,9],[2,4,8,9],[2,5,6,7],[2,5,7,9],[2,7,8,9],[3,4,6,8],[3,5,7,8],[3,5,8,9],[3,6,8,9],[4,5,6,8],[5,6,7,8],[6,7,8,9]]

1800_108=[[1,2,3,4],[1,2,3,5],[1,2,4,5],[1,3,4,6],[1,3,5,7],[1,3,6,8],[1,3,7,8],[1,4,5,8],[1,4,6,7],[1,4,7,8],[1,5,6,7],[1,5,6,8],[2,3,4,6],[2,3,5,8],[2,3,6,7],[2,3,7,8],[2,4,5,7],[2,4,6,8],[2,4,7,8],[2,5,6,7],[2,5,6,8],[3,5,7,9],[3,5,8,9],[3,6,7,9],[3,6,8,9],[4,5,7,9],[4,5,8,9],[4,6,7,9],[4,6,8,9]]

1800_109=[[1,2,3,4],[1,2,3,5],[1,2,4,5],[1,3,4,6],[1,3,5,7],[1,3,6,8],[1,3,7,8],[1,4,5,8],[1,4,6,7],[1,4,7,8],[1,5,6,7],[1,5,6,8],[2,3,4,7],[2,3,5,6],[2,3,6,8],[2,3,7,8],[2,4,5,9],[2,4,6,7],[2,4,6,9],[2,5,6,7],[2,5,7,9],[2,6,8,9],[2,7,8,9],[3,4,6,9],[3,4,7,9],[3,5,6,9],[3,5,7,9],[4,5,8,9],[4,7,8,9],[5,6,8,9]]

1800_110=[[1,2,3,4],[1,2,3,5],[1,2,4,5],[1,3,4,6],[1,3,5,7],[1,3,6,8],[1,3,7,8],[1,4,5,8],[1,4,6,7],[1,4,7,8],[1,5,7,9],[1,5,8,9],[1,6,7,9],[1,6,8,9],[2,3,4,6],[2,3,5,8],[2,3,6,9],[2,3,8,9],[2,4,5,7],[2,4,6,9],[2,4,7,9],[2,5,7,9],[2,5,8,9],[3,5,6,7],[3,5,6,8],[3,6,7,9],[3,7,8,9],[4,5,6,7],[4,5,6,8],[4,6,8,9],[4,7,8,9]]

1800_111=[[1,2,3,4],[1,2,3,5],[1,2,4,6],[1,2,5,6],[1,3,4,7],[1,3,5,7],[1,4,5,8],[1,4,5,9],[1,4,6,8],[1,4,7,9],[1,5,6,9],[1,5,7,8],[1,6,7,8],[1,6,7,9],[2,3,4,8],[2,3,5,9],[2,3,6,8],[2,3,6,9],[2,4,5,8],[2,4,5,9],[2,4,6,9],[2,5,6,8],[3,4,7,8],[3,5,7,9],[3,6,7,8],[3,6,7,9],[4,6,8,9],[4,7,8,9],[5,6,8,9],[5,7,8,9]]

1800_112=[[1,2,3,4],[1,2,3,5],[1,2,4,6],[1,2,5,6],[1,3,4,7],[1,3,5,7],[1,4,5,8],[1,4,5,9],[1,4,6,8],[1,4,7,9],[1,5,6,9],[1,5,7,8],[1,6,7,8],[1,6,7,9],[2,3,4,8],[2,3,5,9],[2,3,8,9],[2,4,5,8],[2,4,5,9],[2,4,6,7],[2,4,7,9],[2,5,6,8],[2,6,7,8],[2,7,8,9],[3,4,6,7],[3,4,6,8],[3,5,7,9],[3,6,7,9],[3,6,8,9],[5,6,8,9],[5,7,8,9]]

1800_113=[[1,2,3,4],[1,2,3,5],[1,2,4,6],[1,2,5,6],[1,3,4,7],[1,3,5,7],[1,4,5,8],[1,4,5,9],[1,4,6,8],[1,4,7,9],[1,5,6,9],[1,5,7,8],[1,6,8,9],[1,7,8,9],[2,3,4,8],[2,3,5,9],[2,3,8,9],[2,4,5,8],[2,4,5,9],[2,4,6,9],[2,5,6,8],[2,6,8,9],[3,4,7,8],[3,5,7,9],[3,7,8,9],[4,6,7,8],[4,6,7,9],[5,6,7,8],[5,6,7,9]]

1800_114=[[1,2,3,4],[1,2,3,5],[1,2,4,6],[1,2,5,6],[1,3,4,7],[1,3,5,7],[1,4,6,7],[1,5,6,7],[2,3,4,8],[2,3,5,9],[2,3,6,8],[2,3,6,9],[2,4,5,8],[2,4,5,9],[2,4,6,9],[2,5,6,8],[3,4,7,9],[3,4,8,9],[3,5,7,8],[3,5,8,9],[3,6,7,8],[3,6,7,9],[4,5,7,8],[4,5,7,9],[4,6,7,8],[4,6,8,9],[5,6,7,9],[5,6,8,9]]

1800_115=[[1,2,3,4],[1,2,3,5],[1,2,4,6],[1,2,5,6],[1,3,4,7],[1,3,5,7],[1,4,6,7],[1,5,6,7],[2,3,4,8],[2,3,5,9],[2,3,6,8],[2,3,6,9],[2,4,6,9],[2,4,7,8],[2,4,7,9],[2,5,6,8],[2,5,7,8],[2,5,7,9],[3,4,5,8],[3,4,5,9],[3,4,7,9],[3,5,7,8],[3,6,7,8],[3,6,7,9],[4,5,6,8],[4,5,6,9],[4,6,7,8],[5,6,7,9]]

1800_116=[[1,2,3,4],[1,2,3,5],[1,2,4,6],[1,2,5,6],[1,3,4,7],[1,3,5,7],[1,4,6,7],[1,5,6,7],[2,3,4,8],[2,3,5,9],[2,3,6,8],[2,3,6,9],[2,4,6,9],[2,4,7,8],[2,4,7,9],[2,5,6,8],[2,5,7,8],[2,5,7,9],[3,4,7,9],[3,4,8,9],[3,5,7,8],[3,5,8,9],[3,6,7,8],[3,6,7,9],[4,6,7,8],[4,6,8,9],[5,6,7,9],[5,6,8,9]]

1800_117=[[1,2,3,4],[1,2,3,5],[1,2,4,6],[1,2,5,6],[1,3,4,7],[1,3,5,7],[1,4,6,8],[1,4,7,8],[1,5,6,9],[1,5,7,9],[1,6,8,9],[1,7,8,9],[2,3,4,8],[2,3,5,9],[2,3,8,9],[2,4,5,8],[2,4,5,9],[2,4,6,9],[2,5,6,8],[2,6,8,9],[3,4,6,8],[3,4,6,9],[3,4,7,9],[3,5,6,8],[3,5,6,9],[3,5,7,8],[3,7,8,9],[4,5,7,8],[4,5,7,9]]

1800_118=[[1,2,3,4],[1,2,3,5],[1,2,4,6],[1,2,5,6],[1,3,4,7],[1,3,5,7],[1,4,6,8],[1,4,7,8],[1,5,6,9],[1,5,7,9],[1,6,8,9],[1,7,8,9],[2,3,4,8],[2,3,5,9],[2,3,8,9],[2,4,6,9],[2,4,7,8],[2,4,7,9],[2,5,6,8],[2,5,7,8],[2,5,7,9],[2,6,8,9],[3,4,6,8],[3,4,6,9],[3,4,7,9],[3,5,6,8],[3,5,6,9],[3,5,7,8],[3,7,8,9]]

1800_119=[[1,2,3,4],[1,2,3,5],[1,2,4,6],[1,2,5,6],[1,3,4,7],[1,3,5,7],[1,4,6,8],[1,4,7,9],[1,4,8,9],[1,5,6,8],[1,5,7,9],[1,5,8,9],[2,3,4,8],[2,3,5,9],[2,3,6,7],[2,3,6,9],[2,3,7,8],[2,4,6,9],[2,4,8,9],[2,5,6,7],[2,5,7,9],[2,7,8,9],[3,4,6,7],[3,4,6,8],[3,5,7,8],[3,5,8,9],[3,6,8,9],[4,6,7,9],[5,6,7,8],[6,7,8,9]]
