
2601_1=[[1,2,3,4],[1,2,3,5],[1,2,4,5],[1,3,4,6],[1,3,5,6],[1,4,5,6],[2,3,4,7],[2,3,5,8],[2,3,6,7],[2,3,6,8],[2,4,5,9],[2,4,6,8],[2,4,6,9],[2,4,7,8],[2,5,7,8],[2,5,7,9],[2,6,7,9],[3,4,5,7],[3,4,5,8],[3,4,6,9],[3,4,8,9],[3,5,6,7],[3,6,8,9],[4,5,6,8],[4,5,7,9],[4,7,8,9],[5,6,7,8],[6,7,8,9]]

2601_2=[[1,2,3,4],[1,2,3,5],[1,2,4,5],[1,3,4,6],[1,3,5,6],[1,4,5,6],[2,3,4,7],[2,3,5,8],[2,3,6,7],[2,3,6,8],[2,4,5,9],[2,4,6,8],[2,4,6,9],[2,4,7,8],[2,5,7,8],[2,5,7,9],[2,6,7,9],[3,4,5,8],[3,4,5,9],[3,4,6,9],[3,4,7,8],[3,5,6,7],[3,5,7,9],[3,6,8,9],[3,7,8,9],[4,5,6,8],[5,6,7,8],[6,7,8,9]]

2601_3=[[1,2,3,4],[1,2,3,5],[1,2,4,5],[1,3,4,6],[1,3,5,6],[1,4,5,6],[2,3,4,7],[2,3,5,8],[2,3,6,7],[2,3,6,8],[2,4,5,9],[2,4,7,9],[2,5,8,9],[2,6,7,8],[2,7,8,9],[3,4,5,7],[3,4,5,9],[3,4,6,8],[3,4,8,9],[3,5,6,9],[3,5,7,8],[3,6,7,9],[3,7,8,9],[4,5,6,7],[4,6,7,9],[4,6,8,9],[5,6,7,8],[5,6,8,9]]

2601_4=[[1,2,3,4],[1,2,3,5],[1,2,4,5],[1,3,4,6],[1,3,5,6],[1,4,5,7],[1,4,6,7],[1,5,6,7],[2,3,4,7],[2,3,5,8],[2,3,6,7],[2,3,6,8],[2,4,5,6],[2,4,6,8],[2,4,7,9],[2,4,8,9],[2,5,6,7],[2,5,7,8],[2,7,8,9],[3,4,6,8],[3,4,7,8],[3,5,6,9],[3,5,8,9],[3,6,7,9],[3,7,8,9],[4,5,6,9],[4,5,7,8],[4,5,8,9],[4,6,7,9]]

2601_5=[[1,2,3,4],[1,2,3,5],[1,2,4,5],[1,3,4,6],[1,3,5,6],[1,4,5,7],[1,4,6,7],[1,5,6,7],[2,3,4,7],[2,3,5,8],[2,3,6,7],[2,3,6,8],[2,4,5,6],[2,4,6,9],[2,4,7,9],[2,5,6,7],[2,5,7,8],[2,6,8,9],[2,7,8,9],[3,4,6,8],[3,4,7,8],[3,5,6,9],[3,5,8,9],[3,6,7,9],[3,7,8,9],[4,5,6,8],[4,5,7,8],[4,6,7,9],[5,6,8,9]]

2601_6=[[1,2,3,4],[1,2,3,5],[1,2,4,5],[1,3,4,6],[1,3,5,6],[1,4,5,7],[1,4,6,7],[1,5,6,7],[2,3,4,7],[2,3,5,8],[2,3,6,7],[2,3,6,8],[2,4,5,9],[2,4,7,8],[2,4,8,9],[2,5,6,7],[2,5,6,9],[2,5,7,8],[2,6,8,9],[3,4,5,7],[3,4,5,8],[3,4,6,8],[3,5,6,9],[3,5,7,9],[3,6,7,9],[4,5,8,9],[4,6,7,8],[5,7,8,9],[6,7,8,9]]

2601_7=[[1,2,3,4],[1,2,3,5],[1,2,4,5],[1,3,4,6],[1,3,5,6],[1,4,5,7],[1,4,6,7],[1,5,6,7],[2,3,4,7],[2,3,5,8],[2,3,6,7],[2,3,6,8],[2,4,5,9],[2,4,7,8],[2,4,8,9],[2,5,6,7],[2,5,6,9],[2,5,7,8],[2,6,8,9],[3,4,5,7],[3,4,5,9],[3,4,6,8],[3,4,8,9],[3,5,6,9],[3,5,7,8],[3,6,7,9],[3,7,8,9],[4,6,7,8],[6,7,8,9]]

2601_8=[[1,2,3,4],[1,2,3,5],[1,2,4,5],[1,3,4,6],[1,3,5,6],[1,4,5,7],[1,4,6,7],[1,5,6,7],[2,3,4,7],[2,3,5,8],[2,3,6,7],[2,3,6,8],[2,4,5,9],[2,4,7,9],[2,5,8,9],[2,6,7,8],[2,7,8,9],[3,4,5,7],[3,4,5,9],[3,4,6,8],[3,4,8,9],[3,5,6,9],[3,5,7,8],[3,6,7,9],[3,7,8,9],[4,6,7,9],[4,6,8,9],[5,6,7,8],[5,6,8,9]]

2601_9=[[1,2,3,4],[1,2,3,5],[1,2,4,5],[1,3,4,6],[1,3,5,6],[1,4,5,7],[1,4,6,7],[1,5,6,7],[2,3,4,7],[2,3,5,8],[2,3,6,8],[2,3,6,9],[2,3,7,9],[2,4,5,6],[2,4,6,7],[2,5,6,9],[2,5,8,9],[2,6,7,8],[2,7,8,9],[3,4,6,8],[3,4,7,8],[3,5,6,9],[3,5,7,8],[3,5,7,9],[4,5,6,8],[4,5,7,9],[4,5,8,9],[4,7,8,9],[5,6,7,8]]

2601_10=[[1,2,3,4],[1,2,3,5],[1,2,4,5],[1,3,4,6],[1,3,5,6],[1,4,5,7],[1,4,6,7],[1,5,6,7],[2,3,4,7],[2,3,5,8],[2,3,6,8],[2,3,6,9],[2,3,7,9],[2,4,5,8],[2,4,6,7],[2,4,6,9],[2,4,8,9],[2,6,7,8],[2,7,8,9],[3,4,6,8],[3,4,7,8],[3,5,6,9],[3,5,7,8],[3,5,7,9],[4,5,6,8],[4,5,6,9],[4,5,7,9],[4,7,8,9],[5,6,7,8]]

2601_11=[[1,2,3,4],[1,2,3,5],[1,2,4,5],[1,3,4,6],[1,3,5,6],[1,4,5,7],[1,4,6,7],[1,5,6,7],[2,3,4,7],[2,3,5,8],[2,3,6,8],[2,3,6,9],[2,3,7,9],[2,4,5,8],[2,4,6,7],[2,4,6,9],[2,4,8,9],[2,6,7,8],[2,7,8,9],[3,4,6,8],[3,4,7,9],[3,4,8,9],[3,5,6,9],[3,5,8,9],[4,5,6,8],[4,5,6,9],[4,5,7,9],[5,6,7,8],[5,7,8,9]]

2601_12=[[1,2,3,4],[1,2,3,5],[1,2,4,5],[1,3,4,6],[1,3,5,6],[1,4,5,7],[1,4,6,7],[1,5,6,7],[2,3,4,7],[2,3,5,8],[2,3,6,8],[2,3,6,9],[2,3,7,9],[2,4,5,9],[2,4,6,7],[2,4,6,9],[2,5,7,8],[2,5,7,9],[2,6,7,8],[3,4,5,7],[3,4,5,9],[3,4,6,8],[3,4,8,9],[3,5,6,9],[3,5,7,8],[3,7,8,9],[4,6,8,9],[5,6,7,9],[6,7,8,9]]

2601_13=[[1,2,3,4],[1,2,3,5],[1,2,4,5],[1,3,4,6],[1,3,5,6],[1,4,5,7],[1,4,6,7],[1,5,6,7],[2,3,4,7],[2,3,5,8],[2,3,6,8],[2,3,6,9],[2,3,7,9],[2,4,5,9],[2,4,6,7],[2,4,6,9],[2,5,7,8],[2,5,7,9],[2,6,7,8],[3,4,5,8],[3,4,5,9],[3,4,6,8],[3,4,7,9],[3,5,6,9],[4,5,7,8],[4,6,8,9],[4,7,8,9],[5,6,7,9],[6,7,8,9]]

2601_14=[[1,2,3,4],[1,2,3,5],[1,2,4,5],[1,3,4,6],[1,3,5,6],[1,4,5,7],[1,4,6,7],[1,5,6,7],[2,3,4,7],[2,3,5,8],[2,3,6,8],[2,3,6,9],[2,3,7,9],[2,4,5,9],[2,4,6,7],[2,4,6,9],[2,5,8,9],[2,6,7,8],[2,7,8,9],[3,4,5,7],[3,4,5,9],[3,4,6,8],[3,4,8,9],[3,5,6,9],[3,5,7,8],[3,7,8,9],[4,6,8,9],[5,6,7,8],[5,6,8,9]]

2601_15=[[1,2,3,4],[1,2,3,5],[1,2,4,5],[1,3,4,6],[1,3,5,6],[1,4,5,7],[1,4,6,7],[1,5,6,7],[2,3,4,7],[2,3,5,8],[2,3,6,8],[2,3,6,9],[2,3,7,9],[2,4,5,9],[2,4,6,7],[2,4,6,9],[2,5,8,9],[2,6,7,8],[2,7,8,9],[3,4,5,8],[3,4,5,9],[3,4,6,8],[3,4,7,9],[3,5,6,9],[4,5,7,8],[4,6,8,9],[4,7,8,9],[5,6,7,8],[5,6,8,9]]

2601_16=[[1,2,3,4],[1,2,3,5],[1,2,4,5],[1,3,4,6],[1,3,5,6],[1,4,5,7],[1,4,6,7],[1,5,6,7],[2,3,4,7],[2,3,5,8],[2,3,6,8],[2,3,6,9],[2,3,7,9],[2,4,5,9],[2,4,7,8],[2,4,8,9],[2,5,7,8],[2,5,7,9],[2,6,8,9],[3,4,5,7],[3,4,5,9],[3,4,6,8],[3,4,8,9],[3,5,6,9],[3,5,7,8],[3,7,8,9],[4,6,7,8],[5,6,7,9],[6,7,8,9]]

2601_17=[[1,2,3,4],[1,2,3,5],[1,2,4,5],[1,3,4,6],[1,3,5,6],[1,4,5,7],[1,4,6,7],[1,5,6,7],[2,3,4,7],[2,3,5,8],[2,3,7,8],[2,4,5,9],[2,4,7,9],[2,5,6,8],[2,5,6,9],[2,6,8,9],[2,7,8,9],[3,4,5,7],[3,4,5,8],[3,4,6,8],[3,5,6,9],[3,5,7,9],[3,6,7,8],[3,6,7,9],[4,5,8,9],[4,6,7,9],[4,6,8,9],[5,6,7,8],[5,7,8,9]]

2601_18=[[1,2,3,4],[1,2,3,5],[1,2,4,5],[1,3,4,6],[1,3,5,6],[1,4,5,7],[1,4,6,7],[1,5,6,7],[2,3,4,7],[2,3,5,8],[2,3,7,9],[2,3,8,9],[2,4,5,6],[2,4,6,7],[2,5,6,9],[2,5,8,9],[2,6,7,9],[3,4,6,8],[3,4,7,8],[3,5,6,9],[3,5,7,8],[3,5,7,9],[3,6,8,9],[4,5,6,8],[4,5,7,9],[4,5,8,9],[4,7,8,9],[5,6,7,8],[6,7,8,9]]

2601_19=[[1,2,3,4],[1,2,3,5],[1,2,4,5],[1,3,4,6],[1,3,5,6],[1,4,5,7],[1,4,6,7],[1,5,6,7],[2,3,4,7],[2,3,5,8],[2,3,7,9],[2,3,8,9],[2,4,5,6],[2,4,6,9],[2,4,7,8],[2,4,8,9],[2,5,6,7],[2,5,7,8],[2,6,7,9],[3,4,6,9],[3,4,7,9],[3,5,6,8],[3,6,8,9],[4,5,6,8],[4,5,7,9],[4,5,8,9],[4,6,7,8],[5,7,8,9],[6,7,8,9]]

2601_20=[[1,2,3,4],[1,2,3,5],[1,2,4,5],[1,3,4,6],[1,3,5,6],[1,4,5,7],[1,4,6,7],[1,5,6,7],[2,3,4,7],[2,3,5,8],[2,3,7,9],[2,3,8,9],[2,4,5,8],[2,4,6,7],[2,4,6,9],[2,4,8,9],[2,6,7,9],[3,4,6,8],[3,4,7,8],[3,5,6,9],[3,5,7,8],[3,5,7,9],[3,6,8,9],[4,5,6,8],[4,5,6,9],[4,5,7,9],[4,7,8,9],[5,6,7,8],[6,7,8,9]]

2601_21=[[1,2,3,4],[1,2,3,5],[1,2,4,5],[1,3,4,6],[1,3,5,6],[1,4,5,7],[1,4,6,7],[1,5,6,7],[2,3,4,7],[2,3,5,8],[2,3,7,9],[2,3,8,9],[2,4,5,9],[2,4,6,7],[2,4,6,8],[2,4,8,9],[2,5,7,8],[2,5,7,9],[2,6,7,8],[3,4,5,8],[3,4,5,9],[3,4,6,8],[3,4,7,9],[3,5,6,9],[3,6,8,9],[4,5,7,8],[4,7,8,9],[5,6,7,9],[6,7,8,9]]

2601_22=[[1,2,3,4],[1,2,3,5],[1,2,4,5],[1,3,4,6],[1,3,5,6],[1,4,5,7],[1,4,6,7],[1,5,6,8],[1,5,7,8],[1,6,7,8],[2,3,4,7],[2,3,5,6],[2,3,6,9],[2,3,7,8],[2,3,8,9],[2,4,5,8],[2,4,6,7],[2,4,6,8],[2,5,6,7],[2,5,7,8],[2,6,8,9],[3,4,6,8],[3,4,7,9],[3,4,8,9],[3,6,7,8],[3,6,7,9],[4,5,7,9],[4,5,8,9],[5,6,7,9],[5,6,8,9]]

2601_23=[[1,2,3,4],[1,2,3,5],[1,2,4,5],[1,3,4,6],[1,3,5,6],[1,4,5,7],[1,4,6,7],[1,5,6,8],[1,5,7,8],[1,6,7,8],[2,3,4,7],[2,3,5,6],[2,3,6,9],[2,3,7,8],[2,3,8,9],[2,4,5,9],[2,4,6,7],[2,4,6,9],[2,5,6,7],[2,5,7,8],[2,5,8,9],[3,4,6,8],[3,4,7,9],[3,4,8,9],[3,6,7,8],[3,6,7,9],[4,5,7,9],[4,6,8,9],[5,6,7,9],[5,6,8,9]]

2601_24=[[1,2,3,4],[1,2,3,5],[1,2,4,5],[1,3,4,6],[1,3,5,6],[1,4,5,7],[1,4,6,7],[1,5,6,8],[1,5,7,8],[1,6,7,8],[2,3,4,7],[2,3,5,8],[2,3,6,7],[2,3,6,8],[2,4,5,9],[2,4,7,9],[2,5,8,9],[2,6,7,8],[2,7,8,9],[3,4,5,7],[3,4,5,9],[3,4,6,8],[3,4,8,9],[3,5,6,9],[3,5,7,8],[3,6,7,9],[3,7,8,9],[4,6,7,9],[4,6,8,9],[5,6,8,9]]

2601_25=[[1,2,3,4],[1,2,3,5],[1,2,4,5],[1,3,4,6],[1,3,5,6],[1,4,5,7],[1,4,6,7],[1,5,6,8],[1,5,7,8],[1,6,7,8],[2,3,4,7],[2,3,5,8],[2,3,6,7],[2,3,6,9],[2,3,8,9],[2,4,5,9],[2,4,6,7],[2,4,6,8],[2,4,8,9],[2,5,6,8],[2,5,6,9],[3,4,6,8],[3,4,7,8],[3,5,6,7],[3,5,7,8],[3,6,8,9],[4,5,7,9],[4,7,8,9],[5,6,7,9],[6,7,8,9]]

2601_26=[[1,2,3,4],[1,2,3,5],[1,2,4,5],[1,3,4,6],[1,3,5,6],[1,4,5,7],[1,4,6,7],[1,5,6,8],[1,5,7,8],[1,6,7,8],[2,3,4,7],[2,3,5,8],[2,3,6,7],[2,3,6,9],[2,3,8,9],[2,4,5,9],[2,4,6,7],[2,4,6,8],[2,4,8,9],[2,5,6,8],[2,5,6,9],[3,4,6,9],[3,4,7,9],[3,5,6,7],[3,5,7,8],[3,7,8,9],[4,5,7,9],[4,6,8,9],[5,6,7,9],[6,7,8,9]]

2601_27=[[1,2,3,4],[1,2,3,5],[1,2,4,5],[1,3,4,6],[1,3,5,6],[1,4,5,7],[1,4,6,7],[1,5,6,8],[1,5,7,8],[1,6,7,8],[2,3,4,7],[2,3,5,8],[2,3,6,7],[2,3,6,9],[2,3,8,9],[2,4,5,9],[2,4,7,8],[2,4,8,9],[2,5,6,8],[2,5,6,9],[2,6,7,8],[3,4,5,7],[3,4,5,9],[3,4,6,9],[3,5,6,7],[3,5,8,9],[4,6,7,9],[4,7,8,9],[5,6,7,9],[5,7,8,9]]

2601_28=[[1,2,3,4],[1,2,3,5],[1,2,4,5],[1,3,4,6],[1,3,5,6],[1,4,5,7],[1,4,6,7],[1,5,6,8],[1,5,7,8],[1,6,7,8],[2,3,4,7],[2,3,5,8],[2,3,6,7],[2,3,6,9],[2,3,8,9],[2,4,5,9],[2,4,7,9],[2,5,6,8],[2,5,6,9],[2,6,7,8],[2,7,8,9],[3,4,5,7],[3,4,5,8],[3,4,6,9],[3,4,8,9],[3,5,6,7],[4,5,8,9],[4,6,7,9],[5,6,7,9],[5,7,8,9]]

2601_29=[[1,2,3,4],[1,2,3,5],[1,2,4,5],[1,3,4,6],[1,3,5,6],[1,4,5,7],[1,4,6,7],[1,5,6,8],[1,5,7,8],[1,6,7,8],[2,3,4,7],[2,3,5,8],[2,3,6,7],[2,3,6,9],[2,3,8,9],[2,4,5,9],[2,4,7,9],[2,5,6,8],[2,5,6,9],[2,6,7,8],[2,7,8,9],[3,4,5,7],[3,4,5,9],[3,4,6,9],[3,5,6,7],[3,5,8,9],[4,6,7,9],[5,6,7,9],[5,7,8,9]]

2601_30=[[1,2,3,4],[1,2,3,5],[1,2,4,5],[1,3,4,6],[1,3,5,6],[1,4,5,7],[1,4,6,7],[1,5,6,8],[1,5,7,8],[1,6,7,8],[2,3,4,7],[2,3,5,8],[2,3,6,8],[2,3,6,9],[2,3,7,9],[2,4,5,6],[2,4,6,7],[2,5,6,9],[2,5,8,9],[2,6,7,8],[2,7,8,9],[3,4,6,8],[3,4,7,8],[3,5,6,9],[3,5,7,8],[3,5,7,9],[4,5,6,8],[4,5,7,9],[4,5,8,9],[4,7,8,9]]

2601_31=[[1,2,3,4],[1,2,3,5],[1,2,4,5],[1,3,4,6],[1,3,5,6],[1,4,5,7],[1,4,6,7],[1,5,6,8],[1,5,7,8],[1,6,7,8],[2,3,4,7],[2,3,5,8],[2,3,6,8],[2,3,6,9],[2,3,7,9],[2,4,5,8],[2,4,6,7],[2,4,6,9],[2,4,8,9],[2,6,7,8],[2,7,8,9],[3,4,6,8],[3,4,7,8],[3,5,6,9],[3,5,7,8],[3,5,7,9],[4,5,6,8],[4,5,6,9],[4,5,7,9],[4,7,8,9]]

2601_32=[[1,2,3,4],[1,2,3,5],[1,2,4,5],[1,3,4,6],[1,3,5,6],[1,4,5,7],[1,4,6,7],[1,5,6,8],[1,5,7,8],[1,6,7,8],[2,3,4,7],[2,3,5,8],[2,3,6,8],[2,3,6,9],[2,3,7,9],[2,4,5,8],[2,4,6,7],[2,4,6,9],[2,4,8,9],[2,6,7,8],[2,7,8,9],[3,4,6,8],[3,4,7,9],[3,4,8,9],[3,5,6,9],[3,5,8,9],[4,5,6,8],[4,5,6,9],[4,5,7,9],[5,7,8,9]]

2601_33=[[1,2,3,4],[1,2,3,5],[1,2,4,5],[1,3,4,6],[1,3,5,6],[1,4,5,7],[1,4,6,7],[1,5,6,8],[1,5,7,8],[1,6,7,8],[2,3,4,7],[2,3,5,8],[2,3,6,8],[2,3,6,9],[2,3,7,9],[2,4,5,9],[2,4,6,7],[2,4,6,9],[2,5,8,9],[2,6,7,8],[2,7,8,9],[3,4,5,7],[3,4,5,9],[3,4,6,8],[3,4,8,9],[3,5,6,9],[3,5,7,8],[3,7,8,9],[4,6,8,9],[5,6,8,9]]

2601_34=[[1,2,3,4],[1,2,3,5],[1,2,4,5],[1,3,4,6],[1,3,5,6],[1,4,5,7],[1,4,6,7],[1,5,6,8],[1,5,7,8],[1,6,7,8],[2,3,4,7],[2,3,5,8],[2,3,6,8],[2,3,6,9],[2,3,7,9],[2,4,5,9],[2,4,6,7],[2,4,6,9],[2,5,8,9],[2,6,7,8],[2,7,8,9],[3,4,5,8],[3,4,5,9],[3,4,6,8],[3,4,7,9],[3,5,6,9],[4,5,7,8],[4,6,8,9],[4,7,8,9],[5,6,8,9]]

2601_35=[[1,2,3,4],[1,2,3,5],[1,2,4,5],[1,3,4,6],[1,3,5,6],[1,4,5,7],[1,4,6,7],[1,5,6,8],[1,5,7,8],[1,6,7,8],[2,3,4,7],[2,3,5,8],[2,3,7,8],[2,4,5,6],[2,4,6,7],[2,5,6,8],[2,6,7,9],[2,6,8,9],[2,7,8,9],[3,4,6,8],[3,4,7,9],[3,4,8,9],[3,5,6,9],[3,5,8,9],[3,6,7,8],[3,6,7,9],[4,5,6,9],[4,5,7,9],[4,6,8,9],[5,7,8,9]]

2601_36=[[1,2,3,4],[1,2,3,5],[1,2,4,5],[1,3,4,6],[1,3,5,6],[1,4,5,7],[1,4,6,7],[1,5,6,8],[1,5,7,8],[1,6,7,8],[2,3,4,7],[2,3,5,8],[2,3,7,8],[2,4,5,8],[2,4,6,7],[2,4,6,9],[2,4,8,9],[2,6,7,9],[2,7,8,9],[3,4,6,8],[3,4,7,9],[3,4,8,9],[3,5,6,9],[3,5,8,9],[3,6,7,8],[3,6,7,9],[4,5,6,8],[4,5,6,9],[4,5,7,9],[5,7,8,9]]

2601_37=[[1,2,3,4],[1,2,3,5],[1,2,4,5],[1,3,4,6],[1,3,5,6],[1,4,5,7],[1,4,6,7],[1,5,6,8],[1,5,7,8],[1,6,7,8],[2,3,4,7],[2,3,5,8],[2,3,7,8],[2,4,5,9],[2,4,6,7],[2,4,6,8],[2,4,8,9],[2,5,6,7],[2,5,6,8],[2,5,7,9],[2,7,8,9],[3,4,5,7],[3,4,5,9],[3,4,6,9],[3,5,6,7],[3,5,8,9],[3,6,7,8],[3,6,8,9],[4,6,8,9],[5,7,8,9]]

2601_38=[[1,2,3,4],[1,2,3,5],[1,2,4,5],[1,3,4,6],[1,3,5,6],[1,4,5,7],[1,4,6,7],[1,5,6,8],[1,5,7,8],[1,6,7,8],[2,3,4,7],[2,3,5,8],[2,3,7,8],[2,4,5,9],[2,4,6,7],[2,4,6,8],[2,4,8,9],[2,5,6,8],[2,5,6,9],[2,6,7,9],[2,7,8,9],[3,4,5,7],[3,4,5,8],[3,4,6,8],[3,5,6,9],[3,5,7,9],[3,6,7,8],[3,6,7,9],[4,5,8,9],[5,7,8,9]]

2601_39=[[1,2,3,4],[1,2,3,5],[1,2,4,5],[1,3,4,6],[1,3,5,6],[1,4,5,7],[1,4,6,7],[1,5,6,8],[1,5,7,8],[1,6,7,8],[2,3,4,7],[2,3,5,8],[2,3,7,8],[2,4,5,9],[2,4,6,7],[2,4,6,9],[2,5,6,7],[2,5,6,8],[2,5,7,9],[2,6,8,9],[2,7,8,9],[3,4,5,7],[3,4,5,8],[3,4,6,9],[3,4,8,9],[3,5,6,7],[3,6,7,8],[3,6,8,9],[4,5,8,9],[5,7,8,9]]

2601_40=[[1,2,3,4],[1,2,3,5],[1,2,4,5],[1,3,4,6],[1,3,5,6],[1,4,5,7],[1,4,6,7],[1,5,6,8],[1,5,7,8],[1,6,7,8],[2,3,4,7],[2,3,5,8],[2,3,7,8],[2,4,5,9],[2,4,6,7],[2,4,6,9],[2,5,6,7],[2,5,6,8],[2,5,7,9],[2,6,8,9],[2,7,8,9],[3,4,5,7],[3,4,5,9],[3,4,6,8],[3,4,8,9],[3,5,6,7],[3,5,8,9],[3,6,7,8],[4,6,8,9],[5,7,8,9]]

2601_41=[[1,2,3,4],[1,2,3,5],[1,2,4,5],[1,3,4,6],[1,3,5,6],[1,4,5,7],[1,4,6,7],[1,5,6,8],[1,5,7,8],[1,6,7,8],[2,3,4,7],[2,3,5,8],[2,3,7,8],[2,4,5,9],[2,4,6,7],[2,4,6,9],[2,5,6,7],[2,5,6,8],[2,5,7,9],[2,6,8,9],[2,7,8,9],[3,4,5,7],[3,4,5,9],[3,4,6,9],[3,5,6,7],[3,5,8,9],[3,6,7,8],[3,6,8,9],[5,7,8,9]]

2601_42=[[1,2,3,4],[1,2,3,5],[1,2,4,5],[1,3,4,6],[1,3,5,6],[1,4,5,7],[1,4,6,7],[1,5,6,8],[1,5,7,8],[1,6,7,8],[2,3,4,7],[2,3,5,8],[2,3,7,8],[2,4,5,9],[2,4,7,8],[2,4,8,9],[2,5,6,8],[2,5,6,9],[2,6,8,9],[3,4,5,7],[3,4,5,9],[3,4,6,9],[3,5,6,7],[3,5,8,9],[3,6,7,8],[3,6,8,9],[4,6,7,9],[4,7,8,9],[5,6,7,9],[5,7,8,9]]

2601_43=[[1,2,3,4],[1,2,3,5],[1,2,4,5],[1,3,4,6],[1,3,5,6],[1,4,5,7],[1,4,6,7],[1,5,6,8],[1,5,7,8],[1,6,7,8],[2,3,4,7],[2,3,5,8],[2,3,7,8],[2,4,5,9],[2,4,7,9],[2,5,6,8],[2,5,6,9],[2,6,8,9],[2,7,8,9],[3,4,5,7],[3,4,5,8],[3,4,6,8],[3,5,6,7],[3,6,7,8],[4,5,8,9],[4,6,7,9],[4,6,8,9],[5,6,7,9],[5,7,8,9]]

2601_44=[[1,2,3,4],[1,2,3,5],[1,2,4,5],[1,3,4,6],[1,3,5,6],[1,4,5,7],[1,4,6,7],[1,5,6,8],[1,5,7,8],[1,6,7,8],[2,3,4,7],[2,3,5,8],[2,3,7,8],[2,4,5,9],[2,4,7,9],[2,5,6,8],[2,5,6,9],[2,6,8,9],[2,7,8,9],[3,4,5,7],[3,4,5,8],[3,4,6,8],[3,5,6,9],[3,5,7,9],[3,6,7,8],[3,6,7,9],[4,5,8,9],[4,6,7,9],[4,6,8,9],[5,7,8,9]]

2601_45=[[1,2,3,4],[1,2,3,5],[1,2,4,5],[1,3,4,6],[1,3,5,6],[1,4,5,7],[1,4,6,7],[1,5,6,8],[1,5,7,8],[1,6,7,8],[2,3,4,7],[2,3,5,8],[2,3,7,8],[2,4,5,9],[2,4,7,9],[2,5,6,8],[2,5,6,9],[2,6,8,9],[2,7,8,9],[3,4,5,7],[3,4,5,8],[3,4,6,9],[3,4,8,9],[3,5,6,7],[3,6,7,8],[3,6,8,9],[4,5,8,9],[4,6,7,9],[5,6,7,9],[5,7,8,9]]

2601_46=[[1,2,3,4],[1,2,3,5],[1,2,4,5],[1,3,4,6],[1,3,5,6],[1,4,5,7],[1,4,6,7],[1,5,6,8],[1,5,7,8],[1,6,7,8],[2,3,4,7],[2,3,5,8],[2,3,7,8],[2,4,5,9],[2,4,7,9],[2,5,6,8],[2,5,6,9],[2,6,8,9],[2,7,8,9],[3,4,5,7],[3,4,5,9],[3,4,6,8],[3,4,8,9],[3,5,6,7],[3,5,8,9],[3,6,7,8],[4,6,7,9],[4,6,8,9],[5,6,7,9],[5,7,8,9]]

2601_47=[[1,2,3,4],[1,2,3,5],[1,2,4,5],[1,3,4,6],[1,3,5,6],[1,4,5,7],[1,4,6,7],[1,5,6,8],[1,5,7,8],[1,6,7,8],[2,3,4,7],[2,3,5,8],[2,3,7,8],[2,4,5,9],[2,4,7,9],[2,5,6,8],[2,5,6,9],[2,6,8,9],[2,7,8,9],[3,4,5,7],[3,4,5,9],[3,4,6,9],[3,5,6,7],[3,5,8,9],[3,6,7,8],[3,6,8,9],[4,6,7,9],[5,6,7,9],[5,7,8,9]]

2601_48=[[1,2,3,4],[1,2,3,5],[1,2,4,5],[1,3,4,6],[1,3,5,6],[1,4,5,7],[1,4,6,7],[1,5,6,8],[1,5,7,8],[1,6,7,8],[2,3,4,7],[2,3,5,8],[2,3,7,9],[2,3,8,9],[2,4,5,6],[2,4,6,7],[2,5,6,9],[2,5,8,9],[2,6,7,9],[3,4,6,8],[3,4,7,8],[3,5,6,9],[3,5,7,8],[3,5,7,9],[3,6,8,9],[4,5,6,8],[4,5,7,9],[4,5,8,9],[4,7,8,9],[6,7,8,9]]

2601_49=[[1,2,3,4],[1,2,3,5],[1,2,4,5],[1,3,4,6],[1,3,5,6],[1,4,5,7],[1,4,6,7],[1,5,6,8],[1,5,7,8],[1,6,7,8],[2,3,4,7],[2,3,5,8],[2,3,7,9],[2,3,8,9],[2,4,5,8],[2,4,6,7],[2,4,6,9],[2,4,8,9],[2,6,7,9],[3,4,6,8],[3,4,7,8],[3,5,6,9],[3,5,7,8],[3,5,7,9],[3,6,8,9],[4,5,6,8],[4,5,6,9],[4,5,7,9],[4,7,8,9],[6,7,8,9]]

2601_50=[[1,2,3,4],[1,2,3,5],[1,2,4,5],[1,3,4,6],[1,3,5,6],[1,4,5,7],[1,4,6,7],[1,5,6,8],[1,5,7,8],[1,6,7,8],[2,3,4,7],[2,3,5,8],[2,3,7,9],[2,3,8,9],[2,4,5,9],[2,4,6,7],[2,4,6,8],[2,4,8,9],[2,5,6,7],[2,5,6,8],[2,5,7,9],[3,4,5,7],[3,4,5,8],[3,4,6,8],[3,5,6,7],[3,6,7,9],[3,6,8,9],[4,5,8,9],[5,7,8,9],[6,7,8,9]]

2601_51=[[1,2,3,4],[1,2,3,5],[1,2,4,5],[1,3,4,6],[1,3,5,6],[1,4,5,7],[1,4,6,7],[1,5,6,8],[1,5,7,8],[1,6,7,8],[2,3,4,7],[2,3,5,8],[2,3,7,9],[2,3,8,9],[2,4,5,9],[2,4,6,7],[2,4,6,8],[2,4,8,9],[2,5,6,7],[2,5,6,8],[2,5,7,9],[3,4,5,7],[3,4,5,9],[3,4,6,9],[3,5,6,7],[3,5,8,9],[3,6,7,9],[4,6,8,9],[5,7,8,9],[6,7,8,9]]

2601_52=[[1,2,3,4],[1,2,3,5],[1,2,4,5],[1,3,4,6],[1,3,5,6],[1,4,5,7],[1,4,6,7],[1,5,6,8],[1,5,7,8],[1,6,7,8],[2,3,4,7],[2,3,5,8],[2,3,7,9],[2,3,8,9],[2,4,5,9],[2,4,6,7],[2,4,6,8],[2,4,8,9],[2,5,6,8],[2,5,6,9],[2,6,7,9],[3,4,5,7],[3,4,5,8],[3,4,6,8],[3,5,6,7],[3,6,7,8],[3,7,8,9],[4,5,8,9],[5,6,7,9],[5,7,8,9]]

2601_53=[[1,2,3,4],[1,2,3,5],[1,2,4,5],[1,3,4,6],[1,3,5,6],[1,4,5,7],[1,4,6,7],[1,5,6,8],[1,5,7,8],[1,6,7,8],[2,3,4,7],[2,3,5,8],[2,3,7,9],[2,3,8,9],[2,4,5,9],[2,4,6,7],[2,4,6,8],[2,4,8,9],[2,5,6,8],[2,5,6,9],[2,6,7,9],[3,4,5,7],[3,4,5,8],[3,4,6,8],[3,5,6,9],[3,5,7,9],[3,6,8,9],[4,5,8,9],[5,7,8,9],[6,7,8,9]]

2601_54=[[1,2,3,4],[1,2,3,5],[1,2,4,5],[1,3,4,6],[1,3,5,6],[1,4,5,7],[1,4,6,7],[1,5,6,8],[1,5,7,8],[1,6,7,8],[2,3,4,7],[2,3,5,8],[2,3,7,9],[2,3,8,9],[2,4,5,9],[2,4,6,7],[2,4,6,8],[2,4,8,9],[2,5,6,8],[2,5,6,9],[2,6,7,9],[3,4,5,8],[3,4,5,9],[3,4,6,8],[3,4,7,9],[3,5,6,9],[3,6,8,9],[4,5,7,8],[4,7,8,9],[6,7,8,9]]

2601_55=[[1,2,3,4],[1,2,3,5],[1,2,4,5],[1,3,4,6],[1,3,5,6],[1,4,5,7],[1,4,6,7],[1,5,6,8],[1,5,7,8],[1,6,7,8],[2,3,4,7],[2,3,5,8],[2,3,7,9],[2,3,8,9],[2,4,5,9],[2,4,6,7],[2,4,6,9],[2,5,6,7],[2,5,6,8],[2,5,7,9],[2,6,8,9],[3,4,5,7],[3,4,5,8],[3,4,6,8],[3,5,6,7],[3,6,7,8],[3,7,8,9],[4,5,8,9],[4,6,8,9],[5,7,8,9]]

2601_56=[[1,2,3,4],[1,2,3,5],[1,2,4,5],[1,3,4,6],[1,3,5,6],[1,4,5,7],[1,4,6,7],[1,5,6,8],[1,5,7,8],[1,6,7,8],[2,3,4,7],[2,3,5,8],[2,3,7,9],[2,3,8,9],[2,4,5,9],[2,4,6,7],[2,4,6,9],[2,5,6,7],[2,5,6,8],[2,5,7,9],[2,6,8,9],[3,4,5,7],[3,4,5,8],[3,4,6,9],[3,4,8,9],[3,5,6,7],[3,6,7,9],[4,5,8,9],[5,7,8,9],[6,7,8,9]]

2601_57=[[1,2,3,4],[1,2,3,5],[1,2,4,5],[1,3,4,6],[1,3,5,6],[1,4,5,7],[1,4,6,7],[1,5,6,8],[1,5,7,8],[1,6,7,8],[2,3,4,7],[2,3,5,8],[2,3,7,9],[2,3,8,9],[2,4,5,9],[2,4,6,7],[2,4,6,9],[2,5,6,7],[2,5,6,8],[2,5,7,9],[2,6,8,9],[3,4,5,7],[3,4,5,9],[3,4,6,9],[3,5,6,7],[3,5,8,9],[3,6,7,9],[5,7,8,9],[6,7,8,9]]

2601_58=[[1,2,3,4],[1,2,3,5],[1,2,4,5],[1,3,4,6],[1,3,5,6],[1,4,5,7],[1,4,6,7],[1,5,6,8],[1,5,7,8],[1,6,7,8],[2,3,4,7],[2,3,5,8],[2,3,7,9],[2,3,8,9],[2,4,5,9],[2,4,6,7],[2,4,6,9],[2,5,6,7],[2,5,6,8],[2,5,7,9],[2,6,8,9],[3,4,6,9],[3,4,7,8],[3,4,8,9],[3,5,6,7],[3,5,7,8],[3,6,7,9],[4,5,7,9],[4,7,8,9],[6,7,8,9]]

2601_59=[[1,2,3,4],[1,2,3,5],[1,2,4,5],[1,3,4,6],[1,3,5,6],[1,4,5,7],[1,4,6,7],[1,5,6,8],[1,5,7,8],[1,6,7,8],[2,3,4,7],[2,3,5,8],[2,3,7,9],[2,3,8,9],[2,4,5,9],[2,4,7,9],[2,5,6,8],[2,5,6,9],[2,6,8,9],[3,4,5,7],[3,4,5,8],[3,4,6,8],[3,5,6,7],[3,6,7,8],[3,7,8,9],[4,5,8,9],[4,6,7,9],[4,6,8,9],[5,6,7,9],[5,7,8,9]]

2601_60=[[1,2,3,4],[1,2,3,5],[1,2,4,5],[1,3,4,6],[1,3,5,6],[1,4,5,7],[1,4,6,7],[1,5,6,8],[1,5,7,8],[1,6,7,8],[2,3,4,7],[2,3,5,9],[2,3,6,7],[2,3,6,8],[2,3,8,9],[2,4,5,8],[2,4,7,9],[2,4,8,9],[2,5,7,8],[2,5,7,9],[2,6,7,8],[3,4,5,7],[3,4,5,8],[3,4,6,8],[3,5,6,7],[3,5,8,9],[4,6,7,9],[4,6,8,9],[5,6,7,9],[5,6,8,9]]

2601_61=[[1,2,3,4],[1,2,3,5],[1,2,4,5],[1,3,4,6],[1,3,5,6],[1,4,5,7],[1,4,6,7],[1,5,6,8],[1,5,7,8],[1,6,7,8],[2,3,4,7],[2,3,5,9],[2,3,6,7],[2,3,6,8],[2,3,8,9],[2,4,5,8],[2,4,7,9],[2,4,8,9],[2,5,7,8],[2,5,7,9],[2,6,7,8],[3,4,5,7],[3,4,5,9],[3,4,6,9],[3,5,6,7],[3,6,8,9],[4,5,8,9],[4,6,7,9],[5,6,7,9],[5,6,8,9]]

2601_62=[[1,2,3,4],[1,2,3,5],[1,2,4,5],[1,3,4,6],[1,3,5,6],[1,4,5,7],[1,4,6,7],[1,5,6,8],[1,5,7,8],[1,6,7,8],[2,3,4,7],[2,3,5,9],[2,3,6,7],[2,3,6,9],[2,4,5,8],[2,4,7,9],[2,4,8,9],[2,5,7,8],[2,5,7,9],[2,6,7,8],[2,6,8,9],[3,4,5,7],[3,4,5,8],[3,4,6,9],[3,4,8,9],[3,5,6,7],[3,5,8,9],[4,6,7,9],[5,6,7,9],[5,6,8,9]]

2601_63=[[1,2,3,4],[1,2,3,5],[1,2,4,5],[1,3,4,6],[1,3,5,6],[1,4,5,7],[1,4,6,7],[1,5,6,8],[1,5,7,8],[1,6,7,8],[2,3,4,7],[2,3,5,9],[2,3,6,7],[2,3,6,9],[2,4,5,8],[2,4,7,9],[2,4,8,9],[2,5,7,8],[2,5,7,9],[2,6,7,8],[2,6,8,9],[3,4,5,7],[3,4,5,9],[3,4,6,9],[3,5,6,7],[4,5,8,9],[4,6,7,9],[5,6,7,9],[5,6,8,9]]

2601_64=[[1,2,3,4],[1,2,3,5],[1,2,4,5],[1,3,4,6],[1,3,5,6],[1,4,5,7],[1,4,6,7],[1,5,6,8],[1,5,7,8],[1,6,7,8],[2,3,4,7],[2,3,5,9],[2,3,6,8],[2,3,6,9],[2,3,7,8],[2,4,5,8],[2,4,6,7],[2,4,6,8],[2,5,7,8],[2,5,7,9],[2,6,7,9],[3,4,5,8],[3,4,5,9],[3,4,6,9],[3,4,7,8],[3,5,6,8],[4,5,7,9],[4,6,8,9],[4,7,8,9],[6,7,8,9]]

2601_65=[[1,2,3,4],[1,2,3,5],[1,2,4,5],[1,3,4,6],[1,3,5,6],[1,4,5,7],[1,4,6,7],[1,5,6,8],[1,5,7,8],[1,6,7,8],[2,3,4,7],[2,3,5,9],[2,3,6,8],[2,3,6,9],[2,3,7,8],[2,4,5,8],[2,4,7,9],[2,4,8,9],[2,5,7,8],[2,5,7,9],[2,6,8,9],[3,4,5,7],[3,4,5,8],[3,4,6,9],[3,4,8,9],[3,5,6,8],[3,5,7,9],[3,7,8,9],[4,6,7,9],[6,7,8,9]]

2601_66=[[1,2,3,4],[1,2,3,5],[1,2,4,5],[1,3,4,6],[1,3,5,6],[1,4,5,7],[1,4,6,7],[1,5,6,8],[1,5,7,8],[1,6,7,8],[2,3,4,7],[2,3,5,9],[2,3,7,8],[2,3,8,9],[2,4,5,8],[2,4,6,7],[2,4,6,9],[2,4,8,9],[2,5,6,7],[2,5,6,9],[2,5,7,8],[3,4,5,7],[3,4,5,9],[3,4,6,9],[3,5,6,7],[3,6,7,9],[3,7,8,9],[4,5,8,9],[5,6,8,9],[6,7,8,9]]

2601_67=[[1,2,3,4],[1,2,3,5],[1,2,4,5],[1,3,4,6],[1,3,5,6],[1,4,5,7],[1,4,6,7],[1,5,6,8],[1,5,7,8],[1,6,7,8],[2,3,4,7],[2,3,5,9],[2,3,7,8],[2,3,8,9],[2,4,5,8],[2,4,6,7],[2,4,6,9],[2,4,8,9],[2,5,7,8],[2,5,7,9],[2,6,7,9],[3,4,5,8],[3,4,5,9],[3,4,6,9],[3,4,7,8],[3,5,6,8],[3,6,8,9],[4,5,7,9],[4,7,8,9],[6,7,8,9]]

2601_68=[[1,2,3,4],[1,2,3,5],[1,2,4,5],[1,3,4,6],[1,3,5,6],[1,4,5,7],[1,4,6,7],[1,5,6,8],[1,5,7,8],[1,6,7,8],[2,3,4,7],[2,3,5,9],[2,3,7,8],[2,3,8,9],[2,4,5,8],[2,4,6,7],[2,4,6,9],[2,4,8,9],[2,5,7,8],[2,5,7,9],[2,6,7,9],[3,4,6,8],[3,4,7,8],[3,5,6,9],[3,6,8,9],[4,5,6,8],[4,5,6,9],[4,5,7,9],[4,7,8,9],[6,7,8,9]]

2601_69=[[1,2,3,4],[1,2,3,5],[1,2,4,5],[1,3,4,6],[1,3,5,6],[1,4,5,7],[1,4,6,7],[1,5,6,8],[1,5,7,8],[1,6,7,8],[2,3,4,7],[2,3,5,9],[2,3,7,9],[2,4,5,8],[2,4,6,7],[2,4,6,9],[2,4,8,9],[2,5,6,7],[2,5,6,9],[2,5,7,8],[2,7,8,9],[3,4,5,7],[3,4,5,8],[3,4,6,9],[3,4,8,9],[3,5,6,7],[3,5,8,9],[3,6,7,9],[5,6,8,9],[6,7,8,9]]

2601_70=[[1,2,3,4],[1,2,3,5],[1,2,4,5],[1,3,4,6],[1,3,5,6],[1,4,5,7],[1,4,6,7],[1,5,6,8],[1,5,7,8],[1,6,7,8],[2,3,4,8],[2,3,5,7],[2,3,6,7],[2,3,6,8],[2,4,5,9],[2,4,6,7],[2,4,6,9],[2,4,7,8],[2,5,7,8],[2,5,8,9],[2,6,8,9],[3,4,5,7],[3,4,5,9],[3,4,6,9],[3,4,7,8],[3,5,6,8],[3,5,8,9],[3,6,7,9],[3,7,8,9],[6,7,8,9]]

2601_71=[[1,2,3,4],[1,2,3,5],[1,2,4,5],[1,3,4,6],[1,3,5,6],[1,4,5,7],[1,4,6,7],[1,5,6,8],[1,5,7,8],[1,6,7,8],[2,3,4,8],[2,3,5,7],[2,3,6,8],[2,3,6,9],[2,3,7,9],[2,4,5,9],[2,4,7,8],[2,4,7,9],[2,5,7,8],[2,5,8,9],[2,6,8,9],[3,4,5,7],[3,4,5,9],[3,4,6,9],[3,4,7,8],[3,5,6,8],[3,5,8,9],[3,7,8,9],[4,6,7,9],[6,7,8,9]]

2601_72=[[1,2,3,4],[1,2,3,5],[1,2,4,5],[1,3,4,6],[1,3,5,6],[1,4,5,7],[1,4,6,7],[1,5,6,8],[1,5,7,8],[1,6,7,8],[2,3,4,8],[2,3,5,7],[2,3,7,9],[2,3,8,9],[2,4,5,6],[2,4,6,7],[2,4,7,8],[2,5,6,9],[2,5,7,8],[2,5,8,9],[2,6,7,9],[3,4,6,8],[3,5,6,9],[3,5,7,9],[3,6,8,9],[4,5,6,8],[4,5,7,9],[4,5,8,9],[4,7,8,9],[6,7,8,9]]

2601_73=[[1,2,3,4],[1,2,3,5],[1,2,4,5],[1,3,4,6],[1,3,5,6],[1,4,5,7],[1,4,6,7],[1,5,6,8],[1,5,7,8],[1,6,7,8],[2,3,4,8],[2,3,5,7],[2,3,7,9],[2,3,8,9],[2,4,5,9],[2,4,6,7],[2,4,6,9],[2,4,7,8],[2,5,7,8],[2,5,8,9],[2,6,7,9],[3,4,5,7],[3,4,5,8],[3,4,6,9],[3,4,7,9],[3,5,6,8],[3,6,8,9],[4,5,8,9],[4,7,8,9],[6,7,8,9]]

2601_74=[[1,2,3,4],[1,2,3,5],[1,2,4,5],[1,3,4,6],[1,3,5,6],[1,4,5,7],[1,4,6,7],[1,5,6,8],[1,5,7,8],[1,6,7,9],[1,6,8,9],[1,7,8,9],[2,3,4,6],[2,3,5,7],[2,3,6,8],[2,3,7,9],[2,3,8,9],[2,4,5,8],[2,4,6,9],[2,4,8,9],[2,5,7,8],[2,6,7,8],[2,6,7,9],[3,5,6,9],[3,5,7,9],[3,6,8,9],[4,5,6,8],[4,5,6,9],[4,5,7,9],[4,6,7,8],[4,7,8,9]]

2601_75=[[1,2,3,4],[1,2,3,5],[1,2,4,5],[1,3,4,6],[1,3,5,6],[1,4,5,7],[1,4,6,7],[1,5,6,8],[1,5,7,8],[1,6,7,9],[1,6,8,9],[1,7,8,9],[2,3,4,6],[2,3,5,8],[2,3,6,7],[2,3,7,9],[2,3,8,9],[2,4,5,8],[2,4,6,9],[2,4,8,9],[2,6,7,9],[3,5,6,9],[3,5,7,8],[3,5,7,9],[3,6,7,8],[3,6,8,9],[4,5,6,8],[4,5,6,9],[4,5,7,9],[4,6,7,8],[4,7,8,9]]

2601_76=[[1,2,3,4],[1,2,3,5],[1,2,4,5],[1,3,4,6],[1,3,5,6],[1,4,5,7],[1,4,6,7],[1,5,6,8],[1,5,7,8],[1,6,7,9],[1,6,8,9],[1,7,8,9],[2,3,4,6],[2,3,5,8],[2,3,6,7],[2,3,7,9],[2,3,8,9],[2,4,5,9],[2,4,6,8],[2,4,8,9],[2,5,6,8],[2,5,6,9],[2,6,7,9],[3,5,6,9],[3,5,7,8],[3,5,7,9],[3,6,7,8],[3,6,8,9],[4,5,7,9],[4,6,7,8],[4,7,8,9]]

2601_77=[[1,2,3,4],[1,2,3,5],[1,2,4,5],[1,3,4,6],[1,3,5,6],[1,4,5,7],[1,4,6,7],[1,5,6,8],[1,5,7,8],[1,6,7,9],[1,6,8,9],[1,7,8,9],[2,3,4,6],[2,3,5,9],[2,3,6,7],[2,3,7,8],[2,3,8,9],[2,4,5,8],[2,4,6,9],[2,4,8,9],[2,5,7,8],[2,5,7,9],[2,6,7,9],[3,5,6,9],[3,6,7,8],[3,6,8,9],[4,5,6,8],[4,5,6,9],[4,5,7,9],[4,6,7,8],[4,7,8,9]]

2601_78=[[1,2,3,4],[1,2,3,5],[1,2,4,5],[1,3,4,6],[1,3,5,6],[1,4,5,7],[1,4,6,7],[1,5,6,8],[1,5,7,8],[1,6,7,9],[1,6,8,9],[1,7,8,9],[2,3,4,6],[2,3,5,9],[2,3,6,8],[2,3,8,9],[2,4,5,8],[2,4,6,9],[2,4,8,9],[2,5,7,8],[2,5,7,9],[2,6,7,8],[2,6,7,9],[3,5,6,9],[3,6,8,9],[4,5,6,8],[4,5,6,9],[4,5,7,9],[4,6,7,8],[4,7,8,9]]

2601_79=[[1,2,3,4],[1,2,3,5],[1,2,4,5],[1,3,4,6],[1,3,5,6],[1,4,5,7],[1,4,6,7],[1,5,6,8],[1,5,7,8],[1,6,7,9],[1,6,8,9],[1,7,8,9],[2,3,4,7],[2,3,5,7],[2,4,5,9],[2,4,6,7],[2,4,6,9],[2,5,7,8],[2,5,8,9],[2,6,7,8],[2,6,8,9],[3,4,6,9],[3,4,7,8],[3,4,8,9],[3,5,6,8],[3,5,7,9],[3,5,8,9],[3,6,7,8],[3,6,7,9],[4,5,7,9],[4,7,8,9]]

2601_80=[[1,2,3,4],[1,2,3,5],[1,2,4,5],[1,3,4,6],[1,3,5,6],[1,4,5,7],[1,4,6,7],[1,5,6,8],[1,5,7,8],[1,6,7,9],[1,6,8,9],[1,7,8,9],[2,3,4,7],[2,3,5,8],[2,3,6,7],[2,3,6,9],[2,3,8,9],[2,4,5,9],[2,4,6,7],[2,4,6,8],[2,4,8,9],[2,5,6,8],[2,5,6,9],[3,4,6,8],[3,4,7,8],[3,5,6,7],[3,5,7,8],[3,6,8,9],[4,5,7,9],[4,7,8,9],[5,6,7,9]]

2601_81=[[1,2,3,4],[1,2,3,5],[1,2,4,5],[1,3,4,6],[1,3,5,6],[1,4,5,7],[1,4,6,7],[1,5,6,8],[1,5,7,8],[1,6,7,9],[1,6,8,9],[1,7,8,9],[2,3,4,7],[2,3,5,8],[2,3,6,7],[2,3,6,9],[2,3,8,9],[2,4,5,9],[2,4,6,7],[2,4,6,8],[2,4,8,9],[2,5,6,8],[2,5,6,9],[3,4,6,9],[3,4,7,9],[3,5,6,7],[3,5,7,8],[3,7,8,9],[4,5,7,9],[4,6,8,9],[5,6,7,9]]

2601_82=[[1,2,3,4],[1,2,3,5],[1,2,4,5],[1,3,4,6],[1,3,5,6],[1,4,5,7],[1,4,6,7],[1,5,6,8],[1,5,7,8],[1,6,7,9],[1,6,8,9],[1,7,8,9],[2,3,4,7],[2,3,5,8],[2,3,6,7],[2,3,6,9],[2,3,8,9],[2,4,5,9],[2,4,7,8],[2,4,8,9],[2,5,7,8],[2,5,7,9],[2,6,7,9],[3,4,6,9],[3,4,7,9],[3,5,6,8],[3,6,7,8],[3,7,8,9],[4,5,7,9],[4,6,7,8],[4,6,8,9]]

2601_83=[[1,2,3,4],[1,2,3,5],[1,2,4,5],[1,3,4,6],[1,3,5,6],[1,4,5,7],[1,4,6,7],[1,5,6,8],[1,5,7,8],[1,6,7,9],[1,6,8,9],[1,7,8,9],[2,3,4,7],[2,3,5,8],[2,3,7,9],[2,3,8,9],[2,4,5,8],[2,4,6,7],[2,4,6,9],[2,4,8,9],[2,6,7,9],[3,4,6,8],[3,4,7,8],[3,5,6,9],[3,5,7,8],[3,5,7,9],[3,6,8,9],[4,5,6,8],[4,5,6,9],[4,5,7,9],[4,7,8,9]]

2601_84=[[1,2,3,4],[1,2,3,5],[1,2,4,5],[1,3,4,6],[1,3,5,6],[1,4,5,7],[1,4,6,7],[1,5,6,8],[1,5,7,8],[1,6,7,9],[1,6,8,9],[1,7,8,9],[2,3,4,7],[2,3,5,8],[2,3,7,9],[2,3,8,9],[2,4,5,9],[2,4,6,7],[2,4,6,8],[2,4,8,9],[2,5,6,8],[2,5,6,9],[2,6,7,9],[3,4,5,8],[3,4,5,9],[3,4,6,8],[3,4,7,9],[3,5,6,9],[3,6,8,9],[4,5,7,8],[4,7,8,9]]

2601_85=[[1,2,3,4],[1,2,3,5],[1,2,4,5],[1,3,4,6],[1,3,5,6],[1,4,5,7],[1,4,6,7],[1,5,6,8],[1,5,7,8],[1,6,7,9],[1,6,8,9],[1,7,8,9],[2,3,4,7],[2,3,5,8],[2,3,7,9],[2,3,8,9],[2,4,5,9],[2,4,6,7],[2,4,6,9],[2,5,6,7],[2,5,6,8],[2,5,7,9],[2,6,8,9],[3,4,6,9],[3,4,7,8],[3,4,8,9],[3,5,6,7],[3,5,7,8],[3,6,7,9],[4,5,7,9],[4,7,8,9]]

2601_86=[[1,2,3,4],[1,2,3,5],[1,2,4,5],[1,3,4,6],[1,3,5,6],[1,4,5,7],[1,4,6,7],[1,5,6,8],[1,5,7,8],[1,6,7,9],[1,6,8,9],[1,7,8,9],[2,3,4,7],[2,3,5,8],[2,3,7,9],[2,3,8,9],[2,4,5,9],[2,4,6,7],[2,4,6,9],[2,5,7,8],[2,5,7,9],[2,6,7,8],[2,6,8,9],[3,4,6,9],[3,4,7,8],[3,4,8,9],[3,5,6,8],[3,6,7,8],[3,6,7,9],[4,5,7,9],[4,7,8,9]]

2601_87=[[1,2,3,4],[1,2,3,5],[1,2,4,5],[1,3,4,6],[1,3,5,6],[1,4,5,7],[1,4,6,7],[1,5,6,8],[1,5,7,8],[1,6,7,9],[1,6,8,9],[1,7,8,9],[2,3,4,7],[2,3,5,9],[2,3,6,7],[2,3,6,9],[2,4,5,8],[2,4,7,8],[2,5,7,8],[2,5,7,9],[2,6,7,9],[3,4,6,9],[3,4,7,9],[3,5,6,8],[3,5,8,9],[3,6,7,8],[3,7,8,9],[4,5,7,9],[4,5,8,9],[4,6,7,8],[4,6,8,9]]

2601_88=[[1,2,3,4],[1,2,3,5],[1,2,4,5],[1,3,4,6],[1,3,5,6],[1,4,5,7],[1,4,6,7],[1,5,6,8],[1,5,7,8],[1,6,7,9],[1,6,8,9],[1,7,8,9],[2,3,4,7],[2,3,5,9],[2,3,6,8],[2,3,6,9],[2,3,7,8],[2,4,5,8],[2,4,6,7],[2,4,6,8],[2,5,7,8],[2,5,7,9],[2,6,7,9],[3,4,5,7],[3,4,5,8],[3,4,6,9],[3,4,8,9],[3,5,6,8],[3,5,7,9],[3,7,8,9],[4,6,8,9]]

2601_89=[[1,2,3,4],[1,2,3,5],[1,2,4,5],[1,3,4,6],[1,3,5,6],[1,4,5,7],[1,4,6,7],[1,5,6,8],[1,5,7,8],[1,6,7,9],[1,6,8,9],[1,7,8,9],[2,3,4,7],[2,3,5,9],[2,3,6,8],[2,3,6,9],[2,3,7,8],[2,4,5,8],[2,4,7,9],[2,4,8,9],[2,5,7,8],[2,5,7,9],[2,6,8,9],[3,4,5,7],[3,4,5,8],[3,4,6,9],[3,4,8,9],[3,5,6,8],[3,5,7,9],[3,7,8,9],[4,6,7,9]]

2601_90=[[1,2,3,4],[1,2,3,5],[1,2,4,5],[1,3,4,6],[1,3,5,6],[1,4,5,7],[1,4,6,7],[1,5,6,8],[1,5,7,8],[1,6,7,9],[1,6,8,9],[1,7,8,9],[2,3,4,7],[2,3,5,9],[2,3,7,8],[2,3,8,9],[2,4,5,8],[2,4,6,7],[2,4,6,9],[2,4,8,9],[2,5,6,7],[2,5,6,9],[2,5,7,8],[3,4,5,7],[3,4,5,9],[3,4,6,9],[3,5,6,7],[3,6,7,9],[3,7,8,9],[4,5,8,9],[5,6,8,9]]

2601_91=[[1,2,3,4],[1,2,3,5],[1,2,4,5],[1,3,4,6],[1,3,5,6],[1,4,5,7],[1,4,6,7],[1,5,6,8],[1,5,7,8],[1,6,7,9],[1,6,8,9],[1,7,8,9],[2,3,4,7],[2,3,5,9],[2,3,7,9],[2,4,5,8],[2,4,6,7],[2,4,6,9],[2,4,8,9],[2,5,6,7],[2,5,6,9],[2,5,7,8],[2,7,8,9],[3,4,5,7],[3,4,5,8],[3,4,6,9],[3,4,8,9],[3,5,6,7],[3,5,8,9],[3,6,7,9],[5,6,8,9]]

2601_92=[[1,2,3,4],[1,2,3,5],[1,2,4,5],[1,3,4,6],[1,3,5,6],[1,4,5,7],[1,4,6,7],[1,5,6,8],[1,5,7,8],[1,6,7,9],[1,6,8,9],[1,7,8,9],[2,3,4,7],[2,3,5,9],[2,3,7,9],[2,4,5,8],[2,4,6,7],[2,4,6,9],[2,4,8,9],[2,5,6,7],[2,5,6,9],[2,5,7,8],[2,7,8,9],[3,4,5,7],[3,4,5,9],[3,4,6,9],[3,5,6,7],[3,6,7,9],[4,5,8,9],[5,6,8,9]]

2601_93=[[1,2,3,4],[1,2,3,5],[1,2,4,5],[1,3,4,6],[1,3,5,6],[1,4,5,7],[1,4,6,7],[1,5,6,8],[1,5,7,8],[1,6,7,9],[1,6,8,9],[1,7,8,9],[2,3,4,8],[2,3,5,7],[2,3,6,7],[2,3,6,8],[2,4,5,9],[2,4,6,7],[2,4,6,9],[2,4,7,8],[2,5,7,8],[2,5,8,9],[2,6,8,9],[3,4,5,7],[3,4,5,9],[3,4,6,9],[3,4,7,8],[3,5,6,8],[3,5,8,9],[3,6,7,9],[3,7,8,9]]

2601_94=[[1,2,3,4],[1,2,3,5],[1,2,4,5],[1,3,4,6],[1,3,5,6],[1,4,5,7],[1,4,6,7],[1,5,6,8],[1,5,7,8],[1,6,7,9],[1,6,8,9],[1,7,8,9],[2,3,4,8],[2,3,5,7],[2,3,6,8],[2,3,6,9],[2,3,7,9],[2,4,5,9],[2,4,7,8],[2,4,7,9],[2,5,7,8],[2,5,8,9],[2,6,8,9],[3,4,5,7],[3,4,5,9],[3,4,6,9],[3,4,7,8],[3,5,6,8],[3,5,8,9],[3,7,8,9],[4,6,7,9]]

2601_95=[[1,2,3,4],[1,2,3,5],[1,2,4,5],[1,3,4,6],[1,3,5,6],[1,4,5,7],[1,4,6,7],[1,5,6,8],[1,5,7,9],[1,5,8,9],[1,6,7,8],[1,7,8,9],[2,3,4,6],[2,3,5,7],[2,3,6,8],[2,3,7,9],[2,3,8,9],[2,4,5,8],[2,4,6,9],[2,4,8,9],[2,5,6,8],[2,5,6,9],[2,5,7,9],[3,5,6,9],[3,5,7,8],[3,5,8,9],[3,6,7,8],[3,6,7,9],[4,5,7,8],[4,6,7,9],[4,7,8,9]]

2601_96=[[1,2,3,4],[1,2,3,5],[1,2,4,5],[1,3,4,6],[1,3,5,6],[1,4,5,7],[1,4,6,7],[1,5,6,8],[1,5,7,9],[1,5,8,9],[1,6,7,8],[1,7,8,9],[2,3,4,6],[2,3,5,7],[2,3,6,8],[2,3,7,9],[2,3,8,9],[2,4,5,9],[2,4,6,8],[2,4,8,9],[2,5,7,9],[3,5,6,9],[3,5,7,8],[3,5,8,9],[3,6,7,8],[3,6,7,9],[4,5,6,8],[4,5,6,9],[4,5,7,8],[4,6,7,9],[4,7,8,9]]

2601_97=[[1,2,3,4],[1,2,3,5],[1,2,4,5],[1,3,4,6],[1,3,5,6],[1,4,5,7],[1,4,6,7],[1,5,6,8],[1,5,7,9],[1,5,8,9],[1,6,7,8],[1,7,8,9],[2,3,4,6],[2,3,5,7],[2,3,6,9],[2,3,7,8],[2,3,8,9],[2,4,5,9],[2,4,6,8],[2,4,8,9],[2,5,7,9],[2,6,7,8],[2,6,7,9],[3,5,6,9],[3,5,7,8],[3,5,8,9],[4,5,6,8],[4,5,6,9],[4,5,7,8],[4,6,7,9],[4,7,8,9]]

2601_98=[[1,2,3,4],[1,2,3,5],[1,2,4,5],[1,3,4,6],[1,3,5,6],[1,4,5,7],[1,4,6,7],[1,5,6,8],[1,5,7,9],[1,5,8,9],[1,6,7,8],[1,7,8,9],[2,3,4,6],[2,3,5,8],[2,3,6,7],[2,3,7,9],[2,3,8,9],[2,4,5,9],[2,4,6,8],[2,4,8,9],[2,5,7,8],[2,5,7,9],[2,6,7,8],[3,5,6,9],[3,5,8,9],[3,6,7,9],[4,5,6,8],[4,5,6,9],[4,5,7,8],[4,6,7,9],[4,7,8,9]]

2601_99=[[1,2,3,4],[1,2,3,5],[1,2,4,5],[1,3,4,6],[1,3,5,6],[1,4,5,7],[1,4,6,7],[1,5,6,8],[1,5,7,9],[1,5,8,9],[1,6,7,8],[1,7,8,9],[2,3,4,7],[2,3,5,8],[2,3,6,7],[2,3,6,9],[2,3,8,9],[2,4,5,9],[2,4,7,8],[2,4,8,9],[2,5,6,8],[2,5,6,9],[2,6,7,8],[3,4,5,7],[3,4,5,9],[3,4,6,9],[3,5,6,7],[3,5,8,9],[4,6,7,9],[4,7,8,9],[5,6,7,9]]

2601_100=[[1,2,3,4],[1,2,3,5],[1,2,4,5],[1,3,4,6],[1,3,5,6],[1,4,5,7],[1,4,6,7],[1,5,6,8],[1,5,7,9],[1,5,8,9],[1,6,7,8],[1,7,8,9],[2,3,4,7],[2,3,5,8],[2,3,6,7],[2,3,6,9],[2,3,8,9],[2,4,5,9],[2,4,7,9],[2,5,6,8],[2,5,6,9],[2,6,7,8],[2,7,8,9],[3,4,5,7],[3,4,5,8],[3,4,6,9],[3,4,8,9],[3,5,6,7],[4,5,8,9],[4,6,7,9],[5,6,7,9]]

2601_101=[[1,2,3,4],[1,2,3,5],[1,2,4,5],[1,3,4,6],[1,3,5,6],[1,4,5,7],[1,4,6,7],[1,5,6,8],[1,5,7,9],[1,5,8,9],[1,6,7,8],[1,7,8,9],[2,3,4,7],[2,3,5,8],[2,3,6,7],[2,3,6,9],[2,3,8,9],[2,4,5,9],[2,4,7,9],[2,5,6,8],[2,5,6,9],[2,6,7,8],[2,7,8,9],[3,4,5,7],[3,4,5,9],[3,4,6,9],[3,5,6,7],[3,5,8,9],[4,6,7,9],[5,6,7,9]]

2601_102=[[1,2,3,4],[1,2,3,5],[1,2,4,5],[1,3,4,6],[1,3,5,6],[1,4,5,7],[1,4,6,7],[1,5,6,8],[1,5,7,9],[1,5,8,9],[1,6,7,8],[1,7,8,9],[2,3,4,7],[2,3,5,8],[2,3,6,8],[2,3,6,9],[2,3,7,9],[2,4,5,6],[2,4,6,7],[2,5,6,9],[2,5,7,8],[2,5,7,9],[2,6,7,8],[3,4,6,8],[3,4,7,9],[3,4,8,9],[3,5,6,9],[3,5,8,9],[4,5,6,8],[4,5,7,8],[4,7,8,9]]

2601_103=[[1,2,3,4],[1,2,3,5],[1,2,4,5],[1,3,4,6],[1,3,5,6],[1,4,5,7],[1,4,6,7],[1,5,6,8],[1,5,7,9],[1,5,8,9],[1,6,7,8],[1,7,8,9],[2,3,4,7],[2,3,5,8],[2,3,6,8],[2,3,6,9],[2,3,7,9],[2,4,5,8],[2,4,6,7],[2,4,6,9],[2,4,8,9],[2,6,7,8],[2,7,8,9],[3,4,6,8],[3,4,7,9],[3,4,8,9],[3,5,6,9],[3,5,8,9],[4,5,6,8],[4,5,6,9],[4,5,7,9]]

2601_104=[[1,2,3,4],[1,2,3,5],[1,2,4,5],[1,3,4,6],[1,3,5,6],[1,4,5,7],[1,4,6,7],[1,5,6,8],[1,5,7,9],[1,5,8,9],[1,6,7,8],[1,7,8,9],[2,3,4,7],[2,3,5,8],[2,3,6,8],[2,3,6,9],[2,3,7,9],[2,4,5,9],[2,4,6,7],[2,4,6,9],[2,5,7,8],[2,5,7,9],[2,6,7,8],[3,4,6,8],[3,4,7,8],[3,5,6,9],[3,5,8,9],[3,7,8,9],[4,5,6,8],[4,5,6,9],[4,5,7,8]]

2601_105=[[1,2,3,4],[1,2,3,5],[1,2,4,5],[1,3,4,6],[1,3,5,6],[1,4,5,7],[1,4,6,7],[1,5,6,8],[1,5,7,9],[1,5,8,9],[1,6,7,8],[1,7,8,9],[2,3,4,7],[2,3,5,8],[2,3,7,8],[2,4,5,6],[2,4,6,7],[2,5,6,8],[2,6,7,9],[2,6,8,9],[2,7,8,9],[3,4,6,8],[3,4,7,9],[3,4,8,9],[3,5,6,9],[3,5,8,9],[3,6,7,8],[3,6,7,9],[4,5,6,9],[4,5,7,9],[4,6,8,9]]

2601_106=[[1,2,3,4],[1,2,3,5],[1,2,4,5],[1,3,4,6],[1,3,5,6],[1,4,5,7],[1,4,6,7],[1,5,6,8],[1,5,7,9],[1,5,8,9],[1,6,7,8],[1,7,8,9],[2,3,4,7],[2,3,5,8],[2,3,7,8],[2,4,5,8],[2,4,6,7],[2,4,6,9],[2,4,8,9],[2,6,7,9],[2,7,8,9],[3,4,6,8],[3,4,7,9],[3,4,8,9],[3,5,6,9],[3,5,8,9],[3,6,7,8],[3,6,7,9],[4,5,6,8],[4,5,6,9],[4,5,7,9]]

2601_107=[[1,2,3,4],[1,2,3,5],[1,2,4,5],[1,3,4,6],[1,3,5,6],[1,4,5,7],[1,4,6,7],[1,5,6,8],[1,5,7,9],[1,5,8,9],[1,6,7,8],[1,7,8,9],[2,3,4,7],[2,3,5,8],[2,3,7,8],[2,4,5,9],[2,4,6,7],[2,4,6,8],[2,4,8,9],[2,5,6,7],[2,5,6,8],[2,5,7,9],[2,7,8,9],[3,4,5,7],[3,4,5,9],[3,4,6,8],[3,4,8,9],[3,5,6,7],[3,5,8,9],[3,6,7,8]]

2601_108=[[1,2,3,4],[1,2,3,5],[1,2,4,5],[1,3,4,6],[1,3,5,6],[1,4,5,7],[1,4,6,7],[1,5,6,8],[1,5,7,9],[1,5,8,9],[1,6,7,8],[1,7,8,9],[2,3,4,7],[2,3,5,8],[2,3,7,8],[2,4,5,9],[2,4,6,7],[2,4,6,8],[2,4,8,9],[2,5,6,7],[2,5,6,8],[2,5,7,9],[2,7,8,9],[3,4,5,7],[3,4,5,9],[3,4,6,9],[3,5,6,7],[3,5,8,9],[3,6,7,8],[3,6,8,9],[4,6,8,9]]

2601_109=[[1,2,3,4],[1,2,3,5],[1,2,4,5],[1,3,4,6],[1,3,5,6],[1,4,5,7],[1,4,6,7],[1,5,6,8],[1,5,7,9],[1,5,8,9],[1,6,7,8],[1,7,8,9],[2,3,4,7],[2,3,5,8],[2,3,7,8],[2,4,5,9],[2,4,6,7],[2,4,6,8],[2,4,8,9],[2,5,6,8],[2,5,6,9],[2,6,7,9],[2,7,8,9],[3,4,5,7],[3,4,5,8],[3,4,6,8],[3,5,6,7],[3,6,7,8],[4,5,8,9],[5,6,7,9]]

2601_110=[[1,2,3,4],[1,2,3,5],[1,2,4,5],[1,3,4,6],[1,3,5,6],[1,4,5,7],[1,4,6,7],[1,5,6,8],[1,5,7,9],[1,5,8,9],[1,6,7,8],[1,7,8,9],[2,3,4,7],[2,3,5,8],[2,3,7,8],[2,4,5,9],[2,4,6,7],[2,4,6,8],[2,4,8,9],[2,5,6,8],[2,5,6,9],[2,6,7,9],[2,7,8,9],[3,4,5,7],[3,4,5,8],[3,4,6,8],[3,5,6,9],[3,5,7,9],[3,6,7,8],[3,6,7,9],[4,5,8,9]]

2601_111=[[1,2,3,4],[1,2,3,5],[1,2,4,5],[1,3,4,6],[1,3,5,6],[1,4,5,7],[1,4,6,7],[1,5,6,8],[1,5,7,9],[1,5,8,9],[1,6,7,8],[1,7,8,9],[2,3,4,7],[2,3,5,8],[2,3,7,8],[2,4,5,9],[2,4,6,7],[2,4,6,8],[2,4,8,9],[2,5,6,8],[2,5,6,9],[2,6,7,9],[2,7,8,9],[3,4,5,7],[3,4,5,9],[3,4,6,8],[3,4,8,9],[3,5,6,7],[3,5,8,9],[3,6,7,8],[5,6,7,9]]

2601_112=[[1,2,3,4],[1,2,3,5],[1,2,4,5],[1,3,4,6],[1,3,5,6],[1,4,5,7],[1,4,6,7],[1,5,6,8],[1,5,7,9],[1,5,8,9],[1,6,7,8],[1,7,8,9],[2,3,4,7],[2,3,5,8],[2,3,7,8],[2,4,5,9],[2,4,6,7],[2,4,6,9],[2,5,6,7],[2,5,6,8],[2,5,7,9],[2,6,8,9],[2,7,8,9],[3,4,5,7],[3,4,5,9],[3,4,6,8],[3,4,8,9],[3,5,6,7],[3,5,8,9],[3,6,7,8],[4,6,8,9]]

2601_113=[[1,2,3,4],[1,2,3,5],[1,2,4,5],[1,3,4,6],[1,3,5,6],[1,4,5,7],[1,4,6,7],[1,5,6,8],[1,5,7,9],[1,5,8,9],[1,6,7,8],[1,7,8,9],[2,3,4,7],[2,3,5,8],[2,3,7,8],[2,4,5,9],[2,4,6,7],[2,4,6,9],[2,5,6,7],[2,5,6,8],[2,5,7,9],[2,6,8,9],[2,7,8,9],[3,4,5,7],[3,4,5,9],[3,4,6,9],[3,5,6,7],[3,5,8,9],[3,6,7,8],[3,6,8,9]]

2601_114=[[1,2,3,4],[1,2,3,5],[1,2,4,5],[1,3,4,6],[1,3,5,6],[1,4,5,7],[1,4,6,7],[1,5,6,8],[1,5,7,9],[1,5,8,9],[1,6,7,8],[1,7,8,9],[2,3,4,7],[2,3,5,8],[2,3,7,8],[2,4,5,9],[2,4,7,9],[2,5,6,8],[2,5,6,9],[2,6,8,9],[2,7,8,9],[3,4,5,7],[3,4,5,8],[3,4,6,8],[3,5,6,7],[3,6,7,8],[4,5,8,9],[4,6,7,9],[4,6,8,9],[5,6,7,9]]

2601_115=[[1,2,3,4],[1,2,3,5],[1,2,4,5],[1,3,4,6],[1,3,5,6],[1,4,5,7],[1,4,6,7],[1,5,6,8],[1,5,7,9],[1,5,8,9],[1,6,7,8],[1,7,8,9],[2,3,4,7],[2,3,5,8],[2,3,7,8],[2,4,5,9],[2,4,7,9],[2,5,6,8],[2,5,6,9],[2,6,8,9],[2,7,8,9],[3,4,5,7],[3,4,5,8],[3,4,6,8],[3,5,6,9],[3,5,7,9],[3,6,7,8],[3,6,7,9],[4,5,8,9],[4,6,7,9],[4,6,8,9]]

2601_116=[[1,2,3,4],[1,2,3,5],[1,2,4,5],[1,3,4,6],[1,3,5,6],[1,4,5,7],[1,4,6,7],[1,5,6,8],[1,5,7,9],[1,5,8,9],[1,6,7,8],[1,7,8,9],[2,3,4,7],[2,3,5,8],[2,3,7,8],[2,4,5,9],[2,4,7,9],[2,5,6,8],[2,5,6,9],[2,6,8,9],[2,7,8,9],[3,4,5,7],[3,4,5,8],[3,4,6,9],[3,4,8,9],[3,5,6,7],[3,6,7,8],[3,6,8,9],[4,5,8,9],[4,6,7,9],[5,6,7,9]]

2601_117=[[1,2,3,4],[1,2,3,5],[1,2,4,5],[1,3,4,6],[1,3,5,6],[1,4,5,7],[1,4,6,7],[1,5,6,8],[1,5,7,9],[1,5,8,9],[1,6,7,8],[1,7,8,9],[2,3,4,7],[2,3,5,8],[2,3,7,8],[2,4,5,9],[2,4,7,9],[2,5,6,8],[2,5,6,9],[2,6,8,9],[2,7,8,9],[3,4,5,7],[3,4,5,9],[3,4,6,8],[3,4,8,9],[3,5,6,7],[3,5,8,9],[3,6,7,8],[4,6,7,9],[4,6,8,9],[5,6,7,9]]

2601_118=[[1,2,3,4],[1,2,3,5],[1,2,4,5],[1,3,4,6],[1,3,5,6],[1,4,5,7],[1,4,6,7],[1,5,6,8],[1,5,7,9],[1,5,8,9],[1,6,7,8],[1,7,8,9],[2,3,4,7],[2,3,5,8],[2,3,7,8],[2,4,5,9],[2,4,7,9],[2,5,6,8],[2,5,6,9],[2,6,8,9],[2,7,8,9],[3,4,5,7],[3,4,5,9],[3,4,6,9],[3,5,6,7],[3,5,8,9],[3,6,7,8],[3,6,8,9],[4,6,7,9],[5,6,7,9]]

2601_119=[[1,2,3,4],[1,2,3,5],[1,2,4,5],[1,3,4,6],[1,3,5,6],[1,4,5,7],[1,4,6,7],[1,5,6,8],[1,5,7,9],[1,5,8,9],[1,6,7,8],[1,7,8,9],[2,3,4,7],[2,3,5,8],[2,3,7,9],[2,3,8,9],[2,4,5,9],[2,4,6,7],[2,4,6,8],[2,4,8,9],[2,5,6,7],[2,5,6,8],[2,5,7,9],[3,4,5,7],[3,4,5,8],[3,4,6,8],[3,5,6,7],[3,6,7,8],[3,7,8,9],[4,5,8,9]]

2601_120=[[1,2,3,4],[1,2,3,5],[1,2,4,5],[1,3,4,6],[1,3,5,6],[1,4,5,7],[1,4,6,7],[1,5,6,8],[1,5,7,9],[1,5,8,9],[1,6,7,8],[1,7,8,9],[2,3,4,7],[2,3,5,8],[2,3,7,9],[2,3,8,9],[2,4,5,9],[2,4,6,7],[2,4,6,8],[2,4,8,9],[2,5,6,8],[2,5,6,9],[2,6,7,9],[3,4,5,7],[3,4,5,8],[3,4,6,8],[3,5,6,7],[3,6,7,8],[3,7,8,9],[4,5,8,9],[5,6,7,9]]

2601_121=[[1,2,3,4],[1,2,3,5],[1,2,4,5],[1,3,4,6],[1,3,5,6],[1,4,5,7],[1,4,6,7],[1,5,6,8],[1,5,7,9],[1,5,8,9],[1,6,7,8],[1,7,8,9],[2,3,4,7],[2,3,5,8],[2,3,7,9],[2,3,8,9],[2,4,5,9],[2,4,6,7],[2,4,6,9],[2,5,6,7],[2,5,6,8],[2,5,7,9],[2,6,8,9],[3,4,5,7],[3,4,5,8],[3,4,6,8],[3,5,6,7],[3,6,7,8],[3,7,8,9],[4,5,8,9],[4,6,8,9]]

2601_122=[[1,2,3,4],[1,2,3,5],[1,2,4,5],[1,3,4,6],[1,3,5,6],[1,4,5,7],[1,4,6,7],[1,5,6,8],[1,5,7,9],[1,5,8,9],[1,6,7,8],[1,7,8,9],[2,3,4,7],[2,3,5,8],[2,3,7,9],[2,3,8,9],[2,4,5,9],[2,4,7,9],[2,5,6,8],[2,5,6,9],[2,6,8,9],[3,4,5,7],[3,4,5,8],[3,4,6,8],[3,5,6,7],[3,6,7,8],[3,7,8,9],[4,5,8,9],[4,6,7,9],[4,6,8,9],[5,6,7,9]]

2601_123=[[1,2,3,4],[1,2,3,5],[1,2,4,5],[1,3,4,6],[1,3,5,6],[1,4,5,7],[1,4,6,7],[1,5,6,8],[1,5,7,9],[1,5,8,9],[1,6,7,8],[1,7,8,9],[2,3,4,8],[2,3,5,7],[2,3,6,7],[2,3,6,9],[2,3,8,9],[2,4,5,9],[2,4,6,7],[2,4,6,9],[2,4,7,8],[2,5,7,9],[2,7,8,9],[3,4,6,8],[3,5,6,9],[3,5,7,8],[3,5,8,9],[3,6,7,8],[4,5,6,8],[4,5,6,9],[4,5,7,8]]

2601_124=[[1,2,3,4],[1,2,3,5],[1,2,4,5],[1,3,4,6],[1,3,5,6],[1,4,5,7],[1,4,6,7],[1,5,6,8],[1,5,7,9],[1,5,8,9],[1,6,7,8],[1,7,8,9],[2,3,4,8],[2,3,5,8],[2,4,5,9],[2,4,6,7],[2,4,6,9],[2,4,7,8],[2,5,6,7],[2,5,6,8],[2,5,7,9],[2,6,8,9],[2,7,8,9],[3,4,5,7],[3,4,5,9],[3,4,6,9],[3,4,7,8],[3,5,6,7],[3,5,8,9],[3,6,7,8],[3,6,8,9]]

2601_125=[[1,2,3,4],[1,2,3,5],[1,2,4,5],[1,3,4,6],[1,3,5,6],[1,4,5,7],[1,4,6,7],[1,5,6,8],[1,5,7,9],[1,5,8,9],[1,6,7,8],[1,7,8,9],[2,3,4,8],[2,3,5,8],[2,4,5,9],[2,4,7,8],[2,4,7,9],[2,5,6,8],[2,5,6,9],[2,6,8,9],[2,7,8,9],[3,4,5,7],[3,4,5,9],[3,4,6,9],[3,4,7,8],[3,5,6,7],[3,5,8,9],[3,6,7,8],[3,6,8,9],[4,6,7,9],[5,6,7,9]]

2601_126=[[1,2,3,4],[1,2,3,5],[1,2,4,5],[1,3,4,6],[1,3,5,6],[1,4,5,7],[1,4,6,7],[1,5,6,8],[1,5,7,9],[1,5,8,9],[1,6,7,8],[1,7,8,9],[2,3,4,9],[2,3,5,7],[2,3,6,7],[2,3,6,9],[2,4,5,6],[2,4,6,7],[2,4,7,8],[2,4,8,9],[2,5,6,9],[2,5,7,9],[2,7,8,9],[3,4,6,8],[3,4,8,9],[3,5,6,9],[3,5,7,8],[3,5,8,9],[3,6,7,8],[4,5,6,8],[4,5,7,8]]

2601_127=[[1,2,3,4],[1,2,3,5],[1,2,4,5],[1,3,4,6],[1,3,5,6],[1,4,5,7],[1,4,6,7],[1,5,6,8],[1,5,7,9],[1,5,8,9],[1,6,7,8],[1,7,8,9],[2,3,4,9],[2,3,5,8],[2,3,6,7],[2,3,6,9],[2,3,7,8],[2,4,5,6],[2,4,6,7],[2,4,7,9],[2,5,6,8],[2,6,8,9],[2,7,8,9],[3,4,6,8],[3,4,8,9],[3,5,6,9],[3,5,8,9],[3,6,7,8],[4,5,6,9],[4,5,7,9],[4,6,8,9]]

2601_128=[[1,2,3,4],[1,2,3,5],[1,2,4,5],[1,3,4,6],[1,3,5,6],[1,4,5,7],[1,4,6,7],[1,5,6,8],[1,5,7,9],[1,5,8,9],[1,6,7,9],[1,6,8,9],[2,3,4,7],[2,3,5,6],[2,3,6,8],[2,3,7,9],[2,3,8,9],[2,4,5,8],[2,4,6,7],[2,4,6,8],[2,5,6,7],[2,5,7,9],[2,5,8,9],[3,4,6,9],[3,4,7,8],[3,4,8,9],[3,6,7,8],[3,6,7,9],[4,5,7,8],[4,6,8,9],[5,6,7,8]]

2601_129=[[1,2,3,4],[1,2,3,5],[1,2,4,5],[1,3,4,6],[1,3,5,6],[1,4,5,7],[1,4,6,7],[1,5,6,8],[1,5,7,9],[1,5,8,9],[1,6,7,9],[1,6,8,9],[2,3,4,7],[2,3,5,6],[2,3,6,8],[2,3,7,9],[2,3,8,9],[2,4,5,9],[2,4,6,7],[2,4,6,9],[2,5,6,7],[2,5,7,9],[2,6,8,9],[3,4,6,9],[3,4,7,8],[3,4,8,9],[3,6,7,8],[3,6,7,9],[4,5,7,8],[4,5,8,9],[5,6,7,8]]

2601_130=[[1,2,3,4],[1,2,3,5],[1,2,4,5],[1,3,4,6],[1,3,5,6],[1,4,5,7],[1,4,6,7],[1,5,6,8],[1,5,7,9],[1,5,8,9],[1,6,7,9],[1,6,8,9],[2,3,4,7],[2,3,5,7],[2,4,5,9],[2,4,6,7],[2,4,6,8],[2,4,8,9],[2,5,6,8],[2,5,6,9],[2,5,7,8],[2,6,7,9],[2,7,8,9],[3,4,6,8],[3,4,7,8],[3,5,6,9],[3,5,7,9],[3,6,8,9],[3,7,8,9],[4,5,7,8],[4,5,8,9]]

2601_131=[[1,2,3,4],[1,2,3,5],[1,2,4,5],[1,3,4,6],[1,3,5,6],[1,4,5,7],[1,4,6,7],[1,5,6,8],[1,5,7,9],[1,5,8,9],[1,6,7,9],[1,6,8,9],[2,3,4,7],[2,3,5,8],[2,3,6,7],[2,3,6,8],[2,4,5,9],[2,4,7,8],[2,4,8,9],[2,5,7,8],[2,5,7,9],[2,6,7,9],[2,6,8,9],[3,4,5,7],[3,4,5,8],[3,4,6,8],[3,5,6,7],[4,5,8,9],[4,6,7,8],[5,6,7,8]]

2601_132=[[1,2,3,4],[1,2,3,5],[1,2,4,5],[1,3,4,6],[1,3,5,6],[1,4,5,7],[1,4,6,7],[1,5,6,8],[1,5,7,9],[1,5,8,9],[1,6,7,9],[1,6,8,9],[2,3,4,7],[2,3,5,8],[2,3,6,7],[2,3,6,8],[2,4,5,9],[2,4,7,8],[2,4,8,9],[2,5,7,8],[2,5,7,9],[2,6,7,9],[2,6,8,9],[3,4,5,7],[3,4,5,9],[3,4,6,8],[3,4,8,9],[3,5,6,7],[3,5,8,9],[4,6,7,8],[5,6,7,8]]

2601_133=[[1,2,3,4],[1,2,3,5],[1,2,4,5],[1,3,4,6],[1,3,5,6],[1,4,5,7],[1,4,6,7],[1,5,6,8],[1,5,7,9],[1,5,8,9],[1,6,7,9],[1,6,8,9],[2,3,4,7],[2,3,5,8],[2,3,6,7],[2,3,6,9],[2,3,8,9],[2,4,5,9],[2,4,7,8],[2,4,8,9],[2,5,7,8],[2,5,7,9],[2,6,7,9],[3,4,5,7],[3,4,5,8],[3,4,6,8],[3,5,6,7],[3,6,8,9],[4,5,8,9],[4,6,7,8],[5,6,7,8]]

2601_134=[[1,2,3,4],[1,2,3,5],[1,2,4,5],[1,3,4,6],[1,3,5,6],[1,4,5,7],[1,4,6,7],[1,5,6,8],[1,5,7,9],[1,5,8,9],[1,6,7,9],[1,6,8,9],[2,3,4,7],[2,3,5,8],[2,3,6,7],[2,3,6,9],[2,3,8,9],[2,4,5,9],[2,4,7,8],[2,4,8,9],[2,5,7,8],[2,5,7,9],[2,6,7,9],[3,4,5,7],[3,4,5,9],[3,4,6,9],[3,5,6,7],[3,5,8,9],[4,6,7,8],[4,6,8,9],[5,6,7,8]]

2601_135=[[1,2,3,4],[1,2,3,5],[1,2,4,5],[1,3,4,6],[1,3,5,6],[1,4,5,7],[1,4,6,7],[1,5,6,8],[1,5,7,9],[1,5,8,9],[1,6,7,9],[1,6,8,9],[2,3,4,7],[2,3,5,8],[2,3,6,8],[2,3,6,9],[2,3,7,9],[2,4,5,9],[2,4,7,8],[2,4,8,9],[2,5,7,8],[2,5,7,9],[2,6,8,9],[3,4,5,7],[3,4,5,8],[3,4,6,8],[3,5,6,7],[3,6,7,9],[4,5,8,9],[4,6,7,8],[5,6,7,8]]

2601_136=[[1,2,3,4],[1,2,3,5],[1,2,4,5],[1,3,4,6],[1,3,5,6],[1,4,5,7],[1,4,6,7],[1,5,6,8],[1,5,7,9],[1,5,8,9],[1,6,7,9],[1,6,8,9],[2,3,4,7],[2,3,5,8],[2,3,7,8],[2,4,5,9],[2,4,6,7],[2,4,6,8],[2,4,8,9],[2,5,6,7],[2,5,6,8],[2,5,7,9],[2,7,8,9],[3,4,5,7],[3,4,5,8],[3,4,6,8],[3,5,6,7],[3,6,7,9],[3,6,8,9],[3,7,8,9],[4,5,8,9]]

2601_137=[[1,2,3,4],[1,2,3,5],[1,2,4,5],[1,3,4,6],[1,3,5,6],[1,4,5,7],[1,4,6,7],[1,5,6,8],[1,5,7,9],[1,5,8,9],[1,6,7,9],[1,6,8,9],[2,3,4,7],[2,3,5,8],[2,3,7,8],[2,4,5,9],[2,4,6,7],[2,4,6,8],[2,4,8,9],[2,5,6,7],[2,5,6,8],[2,5,7,9],[2,7,8,9],[3,4,5,7],[3,4,5,9],[3,4,6,8],[3,4,8,9],[3,5,6,7],[3,5,8,9],[3,6,7,8],[6,7,8,9]]

2601_138=[[1,2,3,4],[1,2,3,5],[1,2,4,5],[1,3,4,6],[1,3,5,6],[1,4,5,7],[1,4,6,7],[1,5,6,8],[1,5,7,9],[1,5,8,9],[1,6,7,9],[1,6,8,9],[2,3,4,7],[2,3,5,8],[2,3,7,8],[2,4,5,9],[2,4,6,7],[2,4,6,8],[2,4,8,9],[2,5,6,7],[2,5,6,8],[2,5,7,9],[2,7,8,9],[3,4,5,7],[3,4,5,9],[3,4,6,9],[3,5,6,7],[3,5,8,9],[3,6,7,9],[3,7,8,9],[4,6,8,9]]

2601_139=[[1,2,3,4],[1,2,3,5],[1,2,4,5],[1,3,4,6],[1,3,5,6],[1,4,5,7],[1,4,6,7],[1,5,6,8],[1,5,7,9],[1,5,8,9],[1,6,7,9],[1,6,8,9],[2,3,4,7],[2,3,5,8],[2,3,7,8],[2,4,5,9],[2,4,6,7],[2,4,6,8],[2,4,8,9],[2,5,6,8],[2,5,6,9],[2,6,7,9],[2,7,8,9],[3,4,5,7],[3,4,5,8],[3,4,6,8],[3,5,6,9],[3,5,7,9],[3,6,8,9],[3,7,8,9],[4,5,8,9]]

2601_140=[[1,2,3,4],[1,2,3,5],[1,2,4,5],[1,3,4,6],[1,3,5,6],[1,4,5,7],[1,4,6,7],[1,5,6,8],[1,5,7,9],[1,5,8,9],[1,6,7,9],[1,6,8,9],[2,3,4,7],[2,3,5,8],[2,3,7,8],[2,4,5,9],[2,4,6,7],[2,4,6,9],[2,5,6,7],[2,5,6,8],[2,5,7,9],[2,6,8,9],[2,7,8,9],[3,4,5,7],[3,4,5,8],[3,4,6,9],[3,4,8,9],[3,5,6,7],[3,6,7,9],[3,7,8,9],[4,5,8,9]]

2601_141=[[1,2,3,4],[1,2,3,5],[1,2,4,5],[1,3,4,6],[1,3,5,6],[1,4,5,7],[1,4,6,7],[1,5,6,8],[1,5,7,9],[1,5,8,9],[1,6,7,9],[1,6,8,9],[2,3,4,7],[2,3,5,8],[2,3,7,8],[2,4,5,9],[2,4,7,9],[2,5,6,8],[2,5,6,9],[2,6,7,8],[2,6,7,9],[3,4,5,7],[3,4,5,8],[3,4,6,8],[3,5,6,9],[3,5,7,9],[3,6,8,9],[3,7,8,9],[4,5,8,9],[4,6,7,8],[4,7,8,9]]

2601_142=[[1,2,3,4],[1,2,3,5],[1,2,4,5],[1,3,4,6],[1,3,5,6],[1,4,5,7],[1,4,6,7],[1,5,6,8],[1,5,7,9],[1,5,8,9],[1,6,7,9],[1,6,8,9],[2,3,4,7],[2,3,5,8],[2,3,7,9],[2,3,8,9],[2,4,5,9],[2,4,6,7],[2,4,6,8],[2,4,8,9],[2,5,6,7],[2,5,6,8],[2,5,7,9],[3,4,5,7],[3,4,5,8],[3,4,6,8],[3,5,6,7],[3,6,7,8],[3,7,8,9],[4,5,8,9],[6,7,8,9]]

2601_143=[[1,2,3,4],[1,2,3,5],[1,2,4,5],[1,3,4,6],[1,3,5,6],[1,4,5,7],[1,4,6,7],[1,5,6,8],[1,5,7,9],[1,5,8,9],[1,6,7,9],[1,6,8,9],[2,3,4,7],[2,3,5,8],[2,3,7,9],[2,3,8,9],[2,4,5,9],[2,4,6,7],[2,4,6,8],[2,4,8,9],[2,5,6,7],[2,5,6,8],[2,5,7,9],[3,4,5,7],[3,4,5,8],[3,4,6,8],[3,5,6,7],[3,6,7,9],[3,6,8,9],[4,5,8,9]]

2601_144=[[1,2,3,4],[1,2,3,5],[1,2,4,5],[1,3,4,6],[1,3,5,6],[1,4,5,7],[1,4,6,7],[1,5,6,8],[1,5,7,9],[1,5,8,9],[1,6,7,9],[1,6,8,9],[2,3,4,7],[2,3,5,8],[2,3,7,9],[2,3,8,9],[2,4,5,9],[2,4,6,7],[2,4,6,8],[2,4,8,9],[2,5,6,7],[2,5,6,8],[2,5,7,9],[3,4,5,7],[3,4,5,9],[3,4,6,9],[3,5,6,7],[3,5,8,9],[3,6,7,9],[4,6,8,9]]

2601_145=[[1,2,3,4],[1,2,3,5],[1,2,4,5],[1,3,4,6],[1,3,5,6],[1,4,5,7],[1,4,6,7],[1,5,6,8],[1,5,7,9],[1,5,8,9],[1,6,7,9],[1,6,8,9],[2,3,4,7],[2,3,5,8],[2,3,7,9],[2,3,8,9],[2,4,5,9],[2,4,6,7],[2,4,6,8],[2,4,8,9],[2,5,6,7],[2,5,6,8],[2,5,7,9],[3,4,6,8],[3,4,7,8],[3,5,6,7],[3,5,7,8],[3,6,7,9],[3,6,8,9],[4,5,7,8],[4,5,8,9]]

2601_146=[[1,2,3,4],[1,2,3,5],[1,2,4,5],[1,3,4,6],[1,3,5,6],[1,4,5,7],[1,4,6,7],[1,5,6,8],[1,5,7,9],[1,5,8,9],[1,6,7,9],[1,6,8,9],[2,3,4,7],[2,3,5,8],[2,3,7,9],[2,3,8,9],[2,4,5,9],[2,4,6,7],[2,4,6,8],[2,4,8,9],[2,5,6,8],[2,5,6,9],[2,6,7,9],[3,4,5,7],[3,4,5,8],[3,4,6,8],[3,5,6,9],[3,5,7,9],[3,6,8,9],[4,5,8,9]]

2601_147=[[1,2,3,4],[1,2,3,5],[1,2,4,5],[1,3,4,6],[1,3,5,6],[1,4,5,7],[1,4,6,7],[1,5,6,8],[1,5,7,9],[1,5,8,9],[1,6,7,9],[1,6,8,9],[2,3,4,7],[2,3,5,8],[2,3,7,9],[2,3,8,9],[2,4,5,9],[2,4,6,7],[2,4,6,8],[2,4,8,9],[2,5,6,8],[2,5,6,9],[2,6,7,9],[3,4,6,8],[3,4,7,8],[3,5,6,9],[3,5,7,8],[3,5,7,9],[3,6,8,9],[4,5,7,8],[4,5,8,9]]

2601_148=[[1,2,3,4],[1,2,3,5],[1,2,4,5],[1,3,4,6],[1,3,5,6],[1,4,5,7],[1,4,6,7],[1,5,6,8],[1,5,7,9],[1,5,8,9],[1,6,7,9],[1,6,8,9],[2,3,4,7],[2,3,5,8],[2,3,7,9],[2,3,8,9],[2,4,5,9],[2,4,6,7],[2,4,6,8],[2,4,8,9],[2,5,7,8],[2,5,7,9],[2,6,7,8],[3,4,5,7],[3,4,5,8],[3,4,6,8],[3,5,6,7],[3,6,7,9],[3,6,8,9],[4,5,8,9],[5,6,7,8]]

2601_149=[[1,2,3,4],[1,2,3,5],[1,2,4,5],[1,3,4,6],[1,3,5,6],[1,4,5,7],[1,4,6,7],[1,5,6,8],[1,5,7,9],[1,5,8,9],[1,6,7,9],[1,6,8,9],[2,3,4,7],[2,3,5,8],[2,3,7,9],[2,3,8,9],[2,4,5,9],[2,4,6,7],[2,4,6,8],[2,4,8,9],[2,5,7,8],[2,5,7,9],[2,6,7,8],[3,4,5,7],[3,4,5,9],[3,4,6,9],[3,5,6,7],[3,5,8,9],[3,6,7,9],[4,6,8,9],[5,6,7,8]]

2601_150=[[1,2,3,4],[1,2,3,5],[1,2,4,5],[1,3,4,6],[1,3,5,6],[1,4,5,7],[1,4,6,7],[1,5,6,8],[1,5,7,9],[1,5,8,9],[1,6,7,9],[1,6,8,9],[2,3,4,7],[2,3,5,8],[2,3,7,9],[2,3,8,9],[2,4,5,9],[2,4,6,7],[2,4,6,9],[2,5,6,7],[2,5,6,8],[2,5,7,9],[2,6,8,9],[3,4,5,7],[3,4,5,8],[3,4,6,9],[3,4,8,9],[3,5,6,7],[3,6,7,9],[4,5,8,9]]

2601_151=[[1,2,3,4],[1,2,3,5],[1,2,4,5],[1,3,4,6],[1,3,5,6],[1,4,5,7],[1,4,6,7],[1,5,6,8],[1,5,7,9],[1,5,8,9],[1,6,7,9],[1,6,8,9],[2,3,4,7],[2,3,5,8],[2,3,7,9],[2,3,8,9],[2,4,5,9],[2,4,6,7],[2,4,6,9],[2,5,6,7],[2,5,6,8],[2,5,7,9],[2,6,8,9],[3,4,6,9],[3,4,7,8],[3,4,8,9],[3,5,6,7],[3,5,7,8],[3,6,7,9],[4,5,7,8],[4,5,8,9]]

2601_152=[[1,2,3,4],[1,2,3,5],[1,2,4,5],[1,3,4,6],[1,3,5,6],[1,4,5,7],[1,4,6,7],[1,5,6,8],[1,5,7,9],[1,5,8,9],[1,6,7,9],[1,6,8,9],[2,3,4,7],[2,3,5,8],[2,3,7,9],[2,3,8,9],[2,4,5,9],[2,4,6,7],[2,4,6,9],[2,5,7,8],[2,5,7,9],[2,6,7,8],[2,6,8,9],[3,4,5,7],[3,4,5,8],[3,4,6,9],[3,4,8,9],[3,5,6,7],[3,6,7,9],[4,5,8,9],[5,6,7,8]]

2601_153=[[1,2,3,4],[1,2,3,5],[1,2,4,5],[1,3,4,6],[1,3,5,6],[1,4,5,7],[1,4,6,7],[1,5,6,8],[1,5,7,9],[1,5,8,9],[1,6,7,9],[1,6,8,9],[2,3,4,7],[2,3,5,8],[2,3,7,9],[2,3,8,9],[2,4,5,9],[2,4,6,7],[2,4,6,9],[2,5,7,8],[2,5,7,9],[2,6,7,8],[2,6,8,9],[3,4,5,7],[3,4,5,9],[3,4,6,9],[3,5,6,7],[3,5,8,9],[3,6,7,9],[5,6,7,8]]

2601_154=[[1,2,3,4],[1,2,3,5],[1,2,4,5],[1,3,4,6],[1,3,5,6],[1,4,5,7],[1,4,6,7],[1,5,6,8],[1,5,7,9],[1,5,8,9],[1,6,7,9],[1,6,8,9],[2,3,4,7],[2,3,5,8],[2,3,7,9],[2,3,8,9],[2,4,5,9],[2,4,6,8],[2,4,6,9],[2,4,7,8],[2,5,7,8],[2,5,7,9],[2,6,8,9],[3,4,5,7],[3,4,5,9],[3,4,6,9],[3,5,6,7],[3,5,8,9],[3,6,7,9],[4,6,7,8],[5,6,7,8]]

2601_155=[[1,2,3,4],[1,2,3,5],[1,2,4,5],[1,3,4,6],[1,3,5,6],[1,4,5,7],[1,4,6,7],[1,5,6,8],[1,5,7,9],[1,5,8,9],[1,6,7,9],[1,6,8,9],[2,3,4,7],[2,3,5,8],[2,3,7,9],[2,3,8,9],[2,4,5,9],[2,4,7,8],[2,4,8,9],[2,5,6,7],[2,5,6,8],[2,5,7,9],[2,6,7,8],[3,4,5,7],[3,4,5,8],[3,4,6,8],[3,5,6,7],[3,6,7,9],[3,6,8,9],[4,5,8,9],[4,6,7,8]]

2601_156=[[1,2,3,4],[1,2,3,5],[1,2,4,5],[1,3,4,6],[1,3,5,6],[1,4,5,7],[1,4,6,7],[1,5,6,8],[1,5,7,9],[1,5,8,9],[1,6,7,9],[1,6,8,9],[2,3,4,7],[2,3,5,8],[2,3,7,9],[2,3,8,9],[2,4,5,9],[2,4,7,8],[2,4,8,9],[2,5,6,7],[2,5,6,8],[2,5,7,9],[2,6,7,8],[3,4,5,7],[3,4,5,9],[3,4,6,9],[3,5,6,7],[3,5,8,9],[3,6,7,9],[4,6,7,8],[4,6,8,9]]

2601_157=[[1,2,3,4],[1,2,3,5],[1,2,4,5],[1,3,4,6],[1,3,5,6],[1,4,5,7],[1,4,6,7],[1,5,6,8],[1,5,7,9],[1,5,8,9],[1,6,7,9],[1,6,8,9],[2,3,4,7],[2,3,5,8],[2,3,7,9],[2,3,8,9],[2,4,5,9],[2,4,7,8],[2,4,8,9],[2,5,6,8],[2,5,6,9],[2,6,7,8],[2,6,7,9],[3,4,5,7],[3,4,5,8],[3,4,6,8],[3,5,6,9],[3,5,7,9],[3,6,8,9],[4,5,8,9],[4,6,7,8]]

2601_158=[[1,2,3,4],[1,2,3,5],[1,2,4,5],[1,3,4,6],[1,3,5,6],[1,4,5,7],[1,4,6,7],[1,5,6,8],[1,5,7,9],[1,5,8,9],[1,6,7,9],[1,6,8,9],[2,3,4,7],[2,3,5,8],[2,3,7,9],[2,3,8,9],[2,4,5,9],[2,4,7,8],[2,4,8,9],[2,5,7,8],[2,5,7,9],[3,4,5,7],[3,4,5,8],[3,4,6,8],[3,5,6,7],[3,6,7,9],[3,6,8,9],[4,5,8,9],[4,6,7,8],[5,6,7,8]]

2601_159=[[1,2,3,4],[1,2,3,5],[1,2,4,5],[1,3,4,6],[1,3,5,6],[1,4,5,7],[1,4,6,7],[1,5,6,8],[1,5,7,9],[1,5,8,9],[1,6,7,9],[1,6,8,9],[2,3,4,7],[2,3,5,8],[2,3,7,9],[2,3,8,9],[2,4,5,9],[2,4,7,8],[2,4,8,9],[2,5,7,8],[2,5,7,9],[3,4,5,7],[3,4,5,9],[3,4,6,9],[3,5,6,7],[3,5,8,9],[3,6,7,9],[4,6,7,8],[4,6,8,9],[5,6,7,8]]

2601_160=[[1,2,3,4],[1,2,3,5],[1,2,4,5],[1,3,4,6],[1,3,5,6],[1,4,5,7],[1,4,6,7],[1,5,6,8],[1,5,7,9],[1,5,8,9],[1,6,7,9],[1,6,8,9],[2,3,4,7],[2,3,5,9],[2,3,6,7],[2,3,6,9],[2,4,5,8],[2,4,7,8],[2,5,8,9],[2,6,7,9],[2,7,8,9],[3,4,5,7],[3,4,5,8],[3,4,6,9],[3,4,8,9],[3,5,6,8],[3,5,7,9],[3,6,7,8],[3,7,8,9],[4,6,7,8],[4,6,8,9]]

2601_161=[[1,2,3,4],[1,2,3,5],[1,2,4,5],[1,3,4,6],[1,3,5,6],[1,4,5,7],[1,4,6,7],[1,5,6,8],[1,5,7,9],[1,5,8,9],[1,6,7,9],[1,6,8,9],[2,3,4,7],[2,3,5,9],[2,3,6,8],[2,3,6,9],[2,3,7,8],[2,4,5,8],[2,4,6,7],[2,4,6,8],[2,5,8,9],[2,6,7,9],[2,7,8,9],[3,4,5,7],[3,4,5,8],[3,4,6,9],[3,4,8,9],[3,5,6,8],[3,5,7,9],[3,7,8,9],[4,6,8,9]]

2601_162=[[1,2,3,4],[1,2,3,5],[1,2,4,5],[1,3,4,6],[1,3,5,6],[1,4,5,7],[1,4,6,7],[1,5,6,8],[1,5,7,9],[1,5,8,9],[1,6,7,9],[1,6,8,9],[2,3,4,7],[2,3,5,9],[2,3,7,9],[2,4,5,8],[2,4,6,7],[2,4,6,8],[2,5,8,9],[2,6,7,8],[2,7,8,9],[3,4,5,8],[3,4,5,9],[3,4,6,9],[3,4,7,8],[3,5,6,8],[3,6,7,8],[3,6,7,9],[4,5,7,9],[4,6,8,9],[4,7,8,9]]

2601_163=[[1,2,3,4],[1,2,3,5],[1,2,4,5],[1,3,4,6],[1,3,5,6],[1,4,5,7],[1,4,6,7],[1,5,6,8],[1,5,7,9],[1,5,8,9],[1,6,7,9],[1,6,8,9],[2,3,4,8],[2,3,5,7],[2,3,6,7],[2,3,6,8],[2,4,5,9],[2,4,6,7],[2,4,6,9],[2,4,7,8],[2,5,7,9],[2,6,8,9],[2,7,8,9],[3,4,5,7],[3,4,5,8],[3,4,6,9],[3,4,7,9],[3,5,6,8],[3,6,7,9],[4,5,8,9],[4,7,8,9]]

2601_164=[[1,2,3,4],[1,2,3,5],[1,2,4,5],[1,3,4,6],[1,3,5,6],[1,4,5,7],[1,4,6,7],[1,5,6,8],[1,5,7,9],[1,5,8,9],[1,6,7,9],[1,6,8,9],[2,3,4,8],[2,3,5,7],[2,3,6,7],[2,3,6,8],[2,4,5,9],[2,4,7,8],[2,4,7,9],[2,5,6,8],[2,5,6,9],[2,5,7,8],[2,6,7,9],[3,4,6,7],[3,4,7,9],[3,4,8,9],[3,5,6,9],[3,5,7,9],[3,6,8,9],[4,5,7,8],[4,5,8,9]]

2601_165=[[1,2,3,4],[1,2,3,5],[1,2,4,5],[1,3,4,6],[1,3,5,6],[1,4,5,7],[1,4,6,7],[1,5,6,8],[1,5,7,9],[1,5,8,9],[1,6,7,9],[1,6,8,9],[2,3,4,8],[2,3,5,7],[2,3,6,7],[2,3,6,8],[2,4,5,9],[2,4,8,9],[2,5,6,8],[2,5,6,9],[2,5,7,8],[2,6,7,9],[2,7,8,9],[3,4,6,7],[3,4,7,8],[3,5,6,9],[3,5,7,9],[3,6,8,9],[3,7,8,9],[4,5,7,8],[4,5,8,9]]

2601_166=[[1,2,3,4],[1,2,3,5],[1,2,4,5],[1,3,4,6],[1,3,5,6],[1,4,5,7],[1,4,6,7],[1,5,6,8],[1,5,7,9],[1,5,8,9],[1,6,7,9],[1,6,8,9],[2,3,4,8],[2,3,5,7],[2,3,6,7],[2,3,6,8],[2,4,5,9],[2,4,8,9],[2,5,7,9],[2,6,7,8],[2,7,8,9],[3,4,5,7],[3,4,5,9],[3,4,6,9],[3,4,7,8],[3,5,6,8],[3,5,8,9],[3,6,7,9],[3,7,8,9],[4,6,7,8],[4,6,8,9]]

2601_167=[[1,2,3,4],[1,2,3,5],[1,2,4,5],[1,3,4,6],[1,3,5,6],[1,4,5,7],[1,4,6,7],[1,5,6,8],[1,5,7,9],[1,5,8,9],[1,6,7,9],[1,6,8,9],[2,3,4,8],[2,3,5,7],[2,3,7,8],[2,4,5,9],[2,4,6,8],[2,4,6,9],[2,5,7,9],[2,6,8,9],[2,7,8,9],[3,4,5,7],[3,4,5,8],[3,4,6,9],[3,4,7,9],[3,5,6,8],[3,6,7,8],[3,6,7,9],[4,5,8,9],[4,6,7,8],[4,7,8,9]]

2601_168=[[1,2,3,4],[1,2,3,5],[1,2,4,5],[1,3,4,6],[1,3,5,6],[1,4,5,7],[1,4,6,7],[1,5,6,8],[1,5,7,9],[1,5,8,9],[1,6,7,9],[1,6,8,9],[2,3,4,8],[2,3,5,8],[2,4,5,9],[2,4,6,7],[2,4,6,9],[2,4,7,8],[2,5,6,7],[2,5,6,8],[2,5,7,9],[2,6,8,9],[2,7,8,9],[3,4,6,9],[3,4,8,9],[3,5,6,7],[3,5,7,8],[3,6,7,9],[3,7,8,9],[4,5,7,8],[4,5,8,9]]

2601_169=[[1,2,3,4],[1,2,3,5],[1,2,4,5],[1,3,4,6],[1,3,5,6],[1,4,5,7],[1,4,6,7],[1,5,6,8],[1,5,7,9],[1,5,8,9],[1,6,7,9],[1,6,8,9],[2,3,4,8],[2,3,5,8],[2,4,5,9],[2,4,6,8],[2,4,6,9],[2,5,7,8],[2,5,7,9],[2,6,8,9],[2,7,8,9],[3,4,5,7],[3,4,5,9],[3,4,6,9],[3,4,7,8],[3,5,6,7],[3,5,8,9],[3,6,7,9],[3,7,8,9],[4,6,7,8],[5,6,7,8]]

2601_170=[[1,2,3,4],[1,2,3,5],[1,2,4,5],[1,3,4,6],[1,3,5,6],[1,4,5,7],[1,4,6,7],[1,5,6,8],[1,5,7,9],[1,5,8,9],[1,6,7,9],[1,6,8,9],[2,3,4,8],[2,3,5,8],[2,4,5,9],[2,4,7,8],[2,4,7,9],[2,5,6,8],[2,5,6,9],[2,6,7,8],[2,6,7,9],[3,4,6,7],[3,4,7,9],[3,4,8,9],[3,5,6,9],[3,5,7,8],[3,5,7,9],[3,6,7,8],[3,6,8,9],[4,5,7,8],[4,5,8,9]]

2601_171=[[1,2,3,4],[1,2,3,5],[1,2,4,5],[1,3,4,6],[1,3,5,6],[1,4,5,7],[1,4,6,7],[1,5,6,8],[1,5,7,9],[1,5,8,9],[1,6,7,9],[1,6,8,9],[2,3,4,8],[2,3,5,8],[2,4,5,9],[2,4,8,9],[2,5,6,7],[2,5,6,8],[2,5,7,9],[2,6,7,8],[2,7,8,9],[3,4,5,7],[3,4,5,9],[3,4,6,9],[3,4,7,8],[3,5,6,7],[3,5,8,9],[3,6,7,9],[3,7,8,9],[4,6,7,8],[4,6,8,9]]

2601_172=[[1,2,3,4],[1,2,3,5],[1,2,4,5],[1,3,4,6],[1,3,5,6],[1,4,5,7],[1,4,6,7],[1,5,6,8],[1,5,7,9],[1,5,8,9],[1,6,7,9],[1,6,8,9],[2,3,4,8],[2,3,5,9],[2,3,6,7],[2,3,6,9],[2,3,7,8],[2,4,5,7],[2,4,7,9],[2,4,8,9],[2,5,7,8],[2,5,8,9],[2,6,7,9],[3,4,6,8],[3,5,6,7],[3,5,7,9],[3,6,8,9],[3,7,8,9],[4,6,7,8],[4,7,8,9],[5,6,7,8]]

2601_173=[[1,2,3,4],[1,2,3,5],[1,2,4,5],[1,3,4,6],[1,3,5,6],[1,4,5,7],[1,4,6,7],[1,5,6,8],[1,5,7,9],[1,5,8,9],[1,6,7,9],[1,6,8,9],[2,3,4,8],[2,3,5,9],[2,3,6,7],[2,3,6,9],[2,3,7,8],[2,4,5,7],[2,4,7,9],[2,4,8,9],[2,5,7,8],[2,5,8,9],[2,6,7,9],[3,4,6,9],[3,4,7,8],[3,4,7,9],[3,5,6,7],[3,5,7,9],[4,6,7,8],[4,6,8,9],[5,6,7,8]]

2601_174=[[1,2,3,4],[1,2,3,5],[1,2,4,5],[1,3,4,6],[1,3,5,6],[1,4,5,7],[1,4,6,7],[1,5,6,8],[1,5,7,9],[1,5,8,9],[1,6,7,9],[1,6,8,9],[2,3,4,8],[2,3,5,9],[2,3,6,8],[2,3,6,9],[2,4,5,7],[2,4,7,8],[2,5,6,7],[2,5,6,8],[2,5,8,9],[2,6,7,9],[2,7,8,9],[3,4,6,9],[3,4,8,9],[3,5,6,7],[3,5,7,9],[3,6,7,8],[3,7,8,9],[4,6,7,8],[4,6,8,9]]

2601_175=[[1,2,3,4],[1,2,3,5],[1,2,4,5],[1,3,4,6],[1,3,5,6],[1,4,5,7],[1,4,6,7],[1,5,6,8],[1,5,7,9],[1,5,8,9],[1,6,7,9],[1,6,8,9],[2,3,4,9],[2,3,5,7],[2,3,7,8],[2,3,8,9],[2,4,5,8],[2,4,6,7],[2,4,6,8],[2,4,7,9],[2,5,7,9],[2,5,8,9],[2,6,7,8],[3,4,6,8],[3,4,7,8],[3,4,7,9],[3,5,6,7],[3,6,7,9],[3,6,8,9],[4,5,7,8],[5,6,7,8]]

2601_176=[[1,2,3,4],[1,2,3,5],[1,2,4,5],[1,3,4,6],[1,3,5,6],[1,4,5,7],[1,4,6,7],[1,5,6,8],[1,5,7,9],[1,5,8,9],[1,6,7,9],[1,6,8,9],[2,3,4,9],[2,3,5,7],[2,3,7,8],[2,3,8,9],[2,4,5,8],[2,4,6,7],[2,4,6,8],[2,4,7,9],[2,5,7,9],[2,5,8,9],[2,6,7,8],[3,4,6,9],[3,5,6,7],[3,6,7,9],[3,7,8,9],[4,5,7,8],[4,6,8,9],[4,7,8,9],[5,6,7,8]]

2601_177=[[1,2,3,4],[1,2,3,5],[1,2,4,5],[1,3,4,6],[1,3,5,6],[1,4,5,7],[1,4,6,7],[1,5,6,8],[1,5,7,9],[1,5,8,9],[1,6,7,9],[1,6,8,9],[2,3,4,9],[2,3,5,8],[2,3,6,8],[2,3,6,9],[2,4,5,9],[2,5,7,8],[2,5,7,9],[2,6,8,9],[2,7,8,9],[3,4,5,7],[3,4,5,8],[3,4,6,8],[3,4,7,9],[3,5,6,7],[3,6,7,9],[4,5,8,9],[4,6,7,8],[4,7,8,9],[5,6,7,8]]

2601_178=[[1,2,3,4],[1,2,3,5],[1,2,4,5],[1,3,4,6],[1,3,5,6],[1,4,5,7],[1,4,6,8],[1,4,7,8],[1,5,6,8],[1,5,7,8],[2,3,4,6],[2,3,5,9],[2,3,6,8],[2,3,7,8],[2,3,7,9],[2,4,5,8],[2,4,6,7],[2,4,7,8],[2,5,6,7],[2,5,6,8],[2,5,7,9],[3,5,6,7],[3,5,7,8],[3,5,8,9],[3,6,7,9],[3,6,8,9],[4,5,7,9],[4,5,8,9],[4,6,7,9],[4,6,8,9]]

2601_179=[[1,2,3,4],[1,2,3,5],[1,2,4,5],[1,3,4,6],[1,3,5,6],[1,4,5,7],[1,4,6,8],[1,4,7,8],[1,5,6,8],[1,5,7,8],[2,3,4,6],[2,3,5,9],[2,3,6,8],[2,3,7,8],[2,3,7,9],[2,4,5,8],[2,4,6,9],[2,4,7,8],[2,4,7,9],[2,5,6,8],[2,5,6,9],[3,5,6,7],[3,5,7,8],[3,5,8,9],[3,6,7,9],[3,6,8,9],[4,5,7,9],[4,5,8,9],[4,6,8,9],[5,6,7,9]]

2601_180=[[1,2,3,4],[1,2,3,5],[1,2,4,5],[1,3,4,6],[1,3,5,6],[1,4,5,7],[1,4,6,8],[1,4,7,8],[1,5,6,8],[1,5,7,8],[2,3,4,7],[2,3,5,8],[2,3,6,7],[2,3,6,8],[2,4,5,6],[2,4,6,8],[2,4,7,8],[2,5,6,7],[2,5,7,9],[2,5,8,9],[2,7,8,9],[3,4,6,9],[3,4,7,9],[3,5,6,7],[3,5,7,8],[3,6,8,9],[3,7,8,9],[4,5,6,9],[4,5,7,9],[5,6,8,9]]

2601_181=[[1,2,3,4],[1,2,3,5],[1,2,4,5],[1,3,4,6],[1,3,5,6],[1,4,5,7],[1,4,6,8],[1,4,7,8],[1,5,6,8],[1,5,7,8],[2,3,4,7],[2,3,5,8],[2,3,6,7],[2,3,6,9],[2,3,8,9],[2,4,5,9],[2,4,7,8],[2,4,8,9],[2,5,6,8],[2,5,6,9],[2,6,7,8],[3,4,5,7],[3,4,5,9],[3,4,6,9],[3,5,6,7],[3,5,8,9],[4,6,8,9],[5,6,7,9],[5,7,8,9],[6,7,8,9]]

2601_182=[[1,2,3,4],[1,2,3,5],[1,2,4,5],[1,3,4,6],[1,3,5,6],[1,4,5,7],[1,4,6,8],[1,4,7,8],[1,5,6,8],[1,5,7,8],[2,3,4,7],[2,3,5,8],[2,3,7,9],[2,3,8,9],[2,4,5,9],[2,4,7,8],[2,4,8,9],[2,5,6,7],[2,5,6,8],[2,5,7,9],[2,6,7,8],[3,4,5,7],[3,4,5,9],[3,4,6,9],[3,5,6,7],[3,5,8,9],[3,6,7,9],[4,6,8,9],[5,7,8,9],[6,7,8,9]]

2601_183=[[1,2,3,4],[1,2,3,5],[1,2,4,5],[1,3,4,6],[1,3,5,6],[1,4,5,7],[1,4,6,8],[1,4,7,8],[1,5,6,8],[1,5,7,8],[2,3,4,7],[2,3,5,8],[2,3,7,9],[2,3,8,9],[2,4,5,9],[2,4,7,8],[2,4,8,9],[2,5,6,7],[2,5,6,8],[2,5,7,9],[2,6,7,8],[3,4,6,7],[3,5,6,9],[3,5,8,9],[3,6,7,9],[4,5,6,7],[4,5,6,9],[4,6,8,9],[5,7,8,9],[6,7,8,9]]

2601_184=[[1,2,3,4],[1,2,3,5],[1,2,4,5],[1,3,4,6],[1,3,5,6],[1,4,5,7],[1,4,6,8],[1,4,7,8],[1,5,6,8],[1,5,7,8],[2,3,4,7],[2,3,5,9],[2,3,6,7],[2,3,6,8],[2,3,8,9],[2,4,5,6],[2,4,6,8],[2,4,7,8],[2,5,6,9],[2,6,7,9],[2,7,8,9],[3,4,6,9],[3,4,7,9],[3,5,6,7],[3,5,7,9],[3,6,8,9],[4,5,6,7],[4,6,7,9],[5,6,8,9],[5,7,8,9]]

2601_185=[[1,2,3,4],[1,2,3,5],[1,2,4,5],[1,3,4,6],[1,3,5,6],[1,4,5,7],[1,4,6,8],[1,4,7,8],[1,5,6,8],[1,5,7,8],[2,3,4,8],[2,3,5,9],[2,3,6,7],[2,3,6,8],[2,3,7,9],[2,4,5,6],[2,4,6,9],[2,4,8,9],[2,5,6,8],[2,5,8,9],[2,6,7,9],[3,4,6,7],[3,4,7,8],[3,5,6,9],[3,6,8,9],[3,7,8,9],[4,5,6,7],[4,6,8,9],[5,6,7,9],[5,7,8,9]]

2601_186=[[1,2,3,4],[1,2,3,5],[1,2,4,5],[1,3,4,6],[1,3,5,6],[1,4,5,7],[1,4,6,8],[1,4,7,8],[1,5,6,8],[1,5,7,8],[2,3,4,8],[2,3,5,9],[2,3,6,7],[2,3,6,9],[2,3,7,8],[2,4,5,9],[2,4,6,7],[2,4,6,8],[2,4,7,9],[2,6,8,9],[2,7,8,9],[3,4,6,9],[3,4,7,8],[3,4,7,9],[3,5,6,7],[3,5,7,9],[4,5,6,7],[4,5,6,9],[5,6,8,9],[5,7,8,9]]

2601_187=[[1,2,3,4],[1,2,3,5],[1,2,4,5],[1,3,4,6],[1,3,5,6],[1,4,5,7],[1,4,6,8],[1,4,7,8],[1,5,6,8],[1,5,7,8],[2,3,4,8],[2,3,5,9],[2,3,6,7],[2,3,6,9],[2,3,7,8],[2,4,5,9],[2,4,6,7],[2,4,6,8],[2,4,7,9],[2,6,8,9],[2,7,8,9],[3,4,6,9],[3,4,8,9],[3,5,6,7],[3,5,7,8],[3,5,8,9],[4,5,6,7],[4,5,6,9],[4,7,8,9],[5,6,8,9]]

2601_188=[[1,2,3,4],[1,2,3,5],[1,2,4,5],[1,3,4,6],[1,3,5,6],[1,4,5,7],[1,4,6,8],[1,4,7,8],[1,5,6,9],[1,5,7,8],[1,5,8,9],[1,6,8,9],[2,3,4,7],[2,3,5,7],[2,4,5,9],[2,4,6,8],[2,4,6,9],[2,4,7,8],[2,5,6,7],[2,5,6,8],[2,5,8,9],[2,6,7,9],[2,7,8,9],[3,4,6,9],[3,4,7,9],[3,5,6,8],[3,5,7,8],[3,6,8,9],[3,7,8,9],[4,5,7,9],[5,6,7,9]]

2601_189=[[1,2,3,4],[1,2,3,5],[1,2,4,5],[1,3,4,6],[1,3,5,6],[1,4,5,7],[1,4,6,8],[1,4,7,8],[1,5,6,9],[1,5,7,8],[1,5,8,9],[1,6,8,9],[2,3,4,7],[2,3,5,8],[2,3,6,7],[2,3,6,8],[2,4,5,6],[2,4,6,8],[2,4,7,8],[2,5,6,7],[2,5,7,9],[2,5,8,9],[2,7,8,9],[3,4,6,9],[3,4,7,9],[3,5,6,7],[3,5,7,8],[3,6,8,9],[3,7,8,9],[4,5,6,9],[4,5,7,9]]

2601_190=[[1,2,3,4],[1,2,3,5],[1,2,4,5],[1,3,4,6],[1,3,5,6],[1,4,5,7],[1,4,6,8],[1,4,7,8],[1,5,6,9],[1,5,7,8],[1,5,8,9],[1,6,8,9],[2,3,4,7],[2,3,5,9],[2,3,6,7],[2,3,6,8],[2,3,8,9],[2,4,5,6],[2,4,6,8],[2,4,7,8],[2,5,6,9],[2,6,7,9],[2,7,8,9],[3,4,6,9],[3,4,7,9],[3,5,6,7],[3,5,7,9],[3,6,8,9],[4,5,6,7],[4,6,7,9],[5,7,8,9]]

2601_191=[[1,2,3,4],[1,2,3,5],[1,2,4,5],[1,3,4,6],[1,3,5,6],[1,4,5,7],[1,4,6,8],[1,4,7,8],[1,5,6,9],[1,5,7,8],[1,5,8,9],[1,6,8,9],[2,3,4,7],[2,3,5,9],[2,3,6,7],[2,3,6,9],[2,4,5,6],[2,4,6,8],[2,4,7,8],[2,5,6,7],[2,5,7,9],[2,6,8,9],[2,7,8,9],[3,4,6,9],[3,4,7,9],[3,5,6,7],[3,5,7,8],[3,5,8,9],[3,7,8,9],[4,5,6,9],[4,5,7,9]]

2601_192=[[1,2,3,4],[1,2,3,5],[1,2,4,5],[1,3,4,6],[1,3,5,6],[1,4,5,7],[1,4,6,8],[1,4,7,8],[1,5,6,9],[1,5,7,8],[1,5,8,9],[1,6,8,9],[2,3,4,8],[2,3,5,6],[2,3,6,7],[2,3,7,9],[2,3,8,9],[2,4,5,7],[2,4,6,7],[2,4,6,8],[2,5,6,8],[2,5,7,9],[2,5,8,9],[3,4,6,9],[3,4,7,8],[3,4,7,9],[3,6,7,8],[3,6,8,9],[4,6,7,9],[5,6,7,8],[5,6,7,9]]

2601_193=[[1,2,3,4],[1,2,3,5],[1,2,4,5],[1,3,4,6],[1,3,5,6],[1,4,5,7],[1,4,6,8],[1,4,7,8],[1,5,6,9],[1,5,7,8],[1,5,8,9],[1,6,8,9],[2,3,4,8],[2,3,5,6],[2,3,6,7],[2,3,7,9],[2,3,8,9],[2,4,5,9],[2,4,6,8],[2,4,6,9],[2,5,6,8],[2,5,8,9],[2,6,7,9],[3,4,6,9],[3,4,7,8],[3,4,7,9],[3,6,7,8],[3,6,8,9],[4,5,7,9],[5,6,7,8],[5,6,7,9]]

2601_194=[[1,2,3,4],[1,2,3,5],[1,2,4,5],[1,3,4,6],[1,3,5,6],[1,4,5,7],[1,4,6,8],[1,4,7,8],[1,5,6,9],[1,5,7,8],[1,5,8,9],[1,6,8,9],[2,3,4,8],[2,3,5,7],[2,3,6,7],[2,3,6,9],[2,3,8,9],[2,4,5,9],[2,4,6,8],[2,4,6,9],[2,5,7,8],[2,5,8,9],[2,6,7,8],[3,4,5,7],[3,4,5,9],[3,4,6,7],[3,4,8,9],[3,5,6,9],[4,6,7,9],[4,7,8,9],[6,7,8,9]]

2601_195=[[1,2,3,4],[1,2,3,5],[1,2,4,5],[1,3,4,6],[1,3,5,6],[1,4,5,7],[1,4,6,8],[1,4,7,8],[1,5,6,9],[1,5,7,8],[1,5,8,9],[1,6,8,9],[2,3,4,8],[2,3,5,7],[2,3,7,9],[2,3,8,9],[2,4,5,9],[2,4,6,7],[2,4,6,8],[2,4,7,9],[2,5,6,7],[2,5,6,8],[2,5,8,9],[3,4,6,7],[3,4,7,8],[3,5,6,8],[3,5,7,8],[3,6,7,9],[3,6,8,9],[4,5,7,9],[5,6,7,9]]

2601_196=[[1,2,3,4],[1,2,3,5],[1,2,4,5],[1,3,4,6],[1,3,5,6],[1,4,5,7],[1,4,6,8],[1,4,7,8],[1,5,6,9],[1,5,7,8],[1,5,8,9],[1,6,8,9],[2,3,4,8],[2,3,5,7],[2,3,7,9],[2,3,8,9],[2,4,5,9],[2,4,6,7],[2,4,6,8],[2,4,7,9],[2,5,7,8],[2,5,8,9],[2,6,7,8],[3,4,5,7],[3,4,5,9],[3,4,6,7],[3,4,8,9],[3,5,6,9],[3,6,7,9],[4,7,8,9],[6,7,8,9]]

2601_197=[[1,2,3,4],[1,2,3,5],[1,2,4,5],[1,3,4,6],[1,3,5,6],[1,4,5,7],[1,4,6,8],[1,4,7,8],[1,5,6,9],[1,5,7,8],[1,5,8,9],[1,6,8,9],[2,3,4,8],[2,3,5,7],[2,3,7,9],[2,3,8,9],[2,4,5,9],[2,4,6,7],[2,4,6,8],[2,4,7,9],[2,5,7,8],[2,5,8,9],[2,6,7,8],[3,4,6,9],[3,4,7,8],[3,4,7,9],[3,5,6,7],[3,6,7,8],[3,6,8,9],[4,5,6,7],[4,5,6,9]]

2601_198=[[1,2,3,4],[1,2,3,5],[1,2,4,5],[1,3,4,6],[1,3,5,6],[1,4,5,7],[1,4,6,8],[1,4,7,8],[1,5,6,9],[1,5,7,8],[1,5,8,9],[1,6,8,9],[2,3,4,8],[2,3,5,7],[2,3,7,9],[2,3,8,9],[2,4,5,9],[2,4,6,7],[2,4,6,8],[2,4,7,9],[2,5,7,8],[2,5,8,9],[2,6,7,8],[3,4,6,9],[3,4,8,9],[3,5,6,7],[3,6,7,9],[4,5,6,7],[4,5,6,9],[4,7,8,9],[6,7,8,9]]

2601_199=[[1,2,3,4],[1,2,3,5],[1,2,4,5],[1,3,4,6],[1,3,5,6],[1,4,5,7],[1,4,6,8],[1,4,7,8],[1,5,6,9],[1,5,7,8],[1,5,8,9],[1,6,8,9],[2,3,4,8],[2,3,5,9],[2,3,6,7],[2,3,6,8],[2,3,7,9],[2,4,5,7],[2,4,6,8],[2,4,6,9],[2,4,7,9],[2,5,6,7],[2,5,6,9],[3,4,6,7],[3,4,7,8],[3,5,6,8],[3,5,8,9],[3,7,8,9],[4,6,7,9],[5,6,7,8],[6,7,8,9]]

2601_200=[[1,2,3,4],[1,2,3,5],[1,2,4,5],[1,3,4,6],[1,3,5,6],[1,4,5,7],[1,4,6,8],[1,4,7,8],[1,5,6,9],[1,5,7,8],[1,5,8,9],[1,6,8,9],[2,3,4,8],[2,3,5,9],[2,3,6,7],[2,3,6,8],[2,3,7,9],[2,4,5,7],[2,4,6,8],[2,4,6,9],[2,4,7,9],[2,5,6,7],[2,5,6,9],[3,4,6,9],[3,4,8,9],[3,5,6,8],[3,5,8,9],[3,6,7,9],[4,7,8,9],[5,6,7,8],[6,7,8,9]]

2601_201=[[1,2,3,4],[1,2,3,5],[1,2,4,5],[1,3,4,6],[1,3,5,6],[1,4,5,7],[1,4,6,8],[1,4,7,8],[1,5,6,9],[1,5,7,8],[1,5,8,9],[1,6,8,9],[2,3,4,8],[2,3,5,9],[2,3,6,7],[2,3,6,9],[2,3,7,8],[2,4,5,9],[2,4,6,7],[2,4,6,8],[2,4,7,9],[2,6,8,9],[2,7,8,9],[3,4,6,9],[3,4,7,8],[3,4,7,9],[3,5,6,7],[3,5,7,9],[4,5,6,7],[4,5,6,9],[5,7,8,9]]

2601_202=[[1,2,3,4],[1,2,3,5],[1,2,4,5],[1,3,4,6],[1,3,5,6],[1,4,5,7],[1,4,6,8],[1,4,7,8],[1,5,6,9],[1,5,7,8],[1,5,8,9],[1,6,8,9],[2,3,4,8],[2,3,5,9],[2,3,6,7],[2,3,6,9],[2,3,7,8],[2,4,5,9],[2,4,6,7],[2,4,6,8],[2,4,7,9],[2,6,8,9],[2,7,8,9],[3,4,6,9],[3,4,8,9],[3,5,6,7],[3,5,7,8],[3,5,8,9],[4,5,6,7],[4,5,6,9],[4,7,8,9]]

2601_203=[[1,2,3,4],[1,2,3,5],[1,2,4,5],[1,3,4,6],[1,3,5,6],[1,4,5,7],[1,4,6,8],[1,4,7,8],[1,5,6,9],[1,5,7,8],[1,5,8,9],[1,6,8,9],[2,3,4,8],[2,3,5,9],[2,3,7,8],[2,3,7,9],[2,4,5,6],[2,4,6,8],[2,5,6,7],[2,5,7,9],[2,6,7,8],[3,4,6,9],[3,4,8,9],[3,5,6,7],[3,5,7,8],[3,5,8,9],[3,6,7,9],[4,5,6,9],[4,5,7,9],[4,7,8,9],[6,7,8,9]]

2601_204=[[1,2,3,4],[1,2,3,5],[1,2,4,5],[1,3,4,6],[1,3,5,6],[1,4,5,7],[1,4,6,8],[1,4,7,8],[1,5,6,9],[1,5,7,8],[1,5,8,9],[1,6,8,9],[2,3,4,8],[2,3,5,9],[2,3,7,8],[2,3,7,9],[2,4,5,7],[2,4,6,7],[2,4,6,8],[2,5,6,8],[2,5,6,9],[2,5,7,8],[2,6,7,9],[3,4,6,7],[3,4,7,9],[3,4,8,9],[3,5,6,8],[3,5,8,9],[3,6,7,8],[4,7,8,9],[6,7,8,9]]

2601_205=[[1,2,3,4],[1,2,3,5],[1,2,4,5],[1,3,4,6],[1,3,5,6],[1,4,5,7],[1,4,6,8],[1,4,7,8],[1,5,6,9],[1,5,7,8],[1,5,8,9],[1,6,8,9],[2,3,4,8],[2,3,5,9],[2,3,8,9],[2,4,5,6],[2,4,6,8],[2,5,6,9],[2,6,7,8],[2,6,7,9],[2,7,8,9],[3,4,6,9],[3,4,7,8],[3,4,7,9],[3,5,6,7],[3,5,7,9],[3,6,7,8],[3,6,8,9],[4,5,6,7],[4,6,7,9],[5,7,8,9]]

2601_206=[[1,2,3,4],[1,2,3,5],[1,2,4,5],[1,3,4,6],[1,3,5,6],[1,4,5,7],[1,4,6,8],[1,4,7,8],[1,5,6,9],[1,5,7,8],[1,5,8,9],[1,6,8,9],[2,3,4,9],[2,3,5,6],[2,3,6,8],[2,3,7,8],[2,3,7,9],[2,4,5,8],[2,4,6,7],[2,4,6,8],[2,4,7,9],[2,5,6,7],[2,5,7,8],[3,4,6,7],[3,4,7,8],[3,4,8,9],[3,6,7,9],[3,6,8,9],[4,5,7,9],[4,5,8,9],[5,6,7,9]]

2601_207=[[1,2,3,4],[1,2,3,5],[1,2,4,5],[1,3,4,6],[1,3,5,6],[1,4,5,7],[1,4,6,8],[1,4,7,8],[1,5,6,9],[1,5,7,8],[1,5,8,9],[1,6,8,9],[2,3,4,9],[2,3,5,6],[2,3,6,8],[2,3,7,8],[2,3,7,9],[2,4,5,8],[2,4,6,8],[2,4,6,9],[2,5,6,9],[2,5,7,8],[2,5,7,9],[3,4,6,7],[3,4,7,8],[3,4,8,9],[3,6,7,9],[3,6,8,9],[4,5,7,9],[4,5,8,9],[4,6,7,9]]

2601_208=[[1,2,3,4],[1,2,3,5],[1,2,4,5],[1,3,4,6],[1,3,5,6],[1,4,5,7],[1,4,6,8],[1,4,7,8],[1,5,6,9],[1,5,7,8],[1,5,8,9],[1,6,8,9],[2,3,4,9],[2,3,5,7],[2,3,6,7],[2,3,6,9],[2,4,5,8],[2,4,6,7],[2,4,6,8],[2,4,7,9],[2,5,7,8],[2,6,8,9],[2,7,8,9],[3,4,6,7],[3,4,7,8],[3,4,8,9],[3,5,6,9],[3,5,7,9],[3,7,8,9],[4,5,7,9],[4,5,8,9]]

2601_209=[[1,2,3,4],[1,2,3,5],[1,2,4,5],[1,3,4,6],[1,3,5,6],[1,4,5,7],[1,4,6,8],[1,4,7,8],[1,5,6,9],[1,5,7,8],[1,5,8,9],[1,6,8,9],[2,3,4,9],[2,3,5,7],[2,3,6,7],[2,3,6,9],[2,4,5,8],[2,4,6,8],[2,4,6,9],[2,5,7,8],[2,6,7,8],[3,4,6,7],[3,4,7,8],[3,4,8,9],[3,5,6,9],[3,5,7,9],[3,7,8,9],[4,5,7,9],[4,5,8,9],[4,6,7,9],[6,7,8,9]]

2601_210=[[1,2,3,4],[1,2,3,5],[1,2,4,5],[1,3,4,6],[1,3,5,6],[1,4,5,7],[1,4,6,8],[1,4,7,8],[1,5,6,9],[1,5,7,8],[1,5,8,9],[1,6,8,9],[2,3,4,9],[2,3,5,7],[2,3,7,9],[2,4,5,6],[2,4,6,8],[2,4,8,9],[2,5,6,9],[2,5,7,8],[2,5,8,9],[2,6,7,8],[2,6,7,9],[3,4,6,9],[3,5,6,7],[3,6,7,8],[3,6,8,9],[3,7,8,9],[4,5,6,7],[4,6,7,9],[4,7,8,9]]

2601_211=[[1,2,3,4],[1,2,3,5],[1,2,4,5],[1,3,4,6],[1,3,5,6],[1,4,5,7],[1,4,6,8],[1,4,7,8],[1,5,6,9],[1,5,7,8],[1,5,8,9],[1,6,8,9],[2,3,4,9],[2,3,5,8],[2,3,6,7],[2,3,6,8],[2,3,7,9],[2,4,5,6],[2,4,6,8],[2,4,8,9],[2,5,6,9],[2,5,8,9],[2,6,7,9],[3,4,6,9],[3,5,6,7],[3,5,7,8],[3,6,8,9],[3,7,8,9],[4,5,6,7],[4,6,7,9],[4,7,8,9]]

2601_212=[[1,2,3,4],[1,2,3,5],[1,2,4,5],[1,3,4,6],[1,3,5,6],[1,4,5,7],[1,4,6,8],[1,4,7,8],[1,5,6,9],[1,5,7,8],[1,5,8,9],[1,6,8,9],[2,3,4,9],[2,3,5,8],[2,3,7,8],[2,3,7,9],[2,4,5,6],[2,4,6,8],[2,4,8,9],[2,5,6,7],[2,5,7,9],[2,5,8,9],[2,6,7,8],[3,4,6,9],[3,5,6,7],[3,5,7,8],[3,6,7,9],[4,5,6,9],[4,5,7,9],[4,7,8,9],[6,7,8,9]]

2601_213=[[1,2,3,4],[1,2,3,5],[1,2,4,5],[1,3,4,6],[1,3,5,6],[1,4,5,7],[1,4,6,8],[1,4,7,8],[1,5,6,9],[1,5,7,8],[1,5,8,9],[1,6,8,9],[2,3,4,9],[2,3,5,8],[2,3,7,8],[2,3,7,9],[2,4,5,7],[2,4,6,7],[2,4,6,8],[2,4,8,9],[2,5,7,9],[2,5,8,9],[2,6,7,8],[3,4,6,7],[3,4,7,8],[3,4,8,9],[3,5,6,8],[3,6,7,9],[3,6,8,9],[5,6,7,8],[5,6,7,9]]

2601_214=[[1,2,3,4],[1,2,3,5],[1,2,4,5],[1,3,4,6],[1,3,5,6],[1,4,5,7],[1,4,6,8],[1,4,7,8],[1,5,6,9],[1,5,7,8],[1,5,8,9],[1,6,8,9],[2,3,4,9],[2,3,5,8],[2,3,7,8],[2,3,7,9],[2,4,5,7],[2,4,6,7],[2,4,6,8],[2,4,8,9],[2,5,7,9],[2,5,8,9],[2,6,7,8],[3,4,6,9],[3,5,6,8],[3,6,8,9],[3,7,8,9],[4,6,7,9],[4,7,8,9],[5,6,7,8],[5,6,7,9]]

2601_215=[[1,2,3,4],[1,2,3,5],[1,2,4,5],[1,3,4,6],[1,3,5,6],[1,4,5,7],[1,4,6,8],[1,4,7,8],[1,5,6,9],[1,5,7,9],[1,6,7,8],[1,6,7,9],[2,3,4,7],[2,3,5,8],[2,3,6,7],[2,3,6,9],[2,3,8,9],[2,4,5,9],[2,4,7,8],[2,4,8,9],[2,5,7,8],[2,5,7,9],[2,6,7,9],[3,4,5,7],[3,4,5,8],[3,4,6,8],[3,5,6,7],[3,6,8,9],[4,5,8,9],[5,6,7,8],[5,6,8,9]]

2601_216=[[1,2,3,4],[1,2,3,5],[1,2,4,5],[1,3,4,6],[1,3,5,6],[1,4,5,7],[1,4,6,8],[1,4,7,8],[1,5,6,9],[1,5,7,9],[1,6,7,8],[1,6,7,9],[2,3,4,7],[2,3,5,8],[2,3,6,7],[2,3,6,9],[2,3,8,9],[2,4,5,9],[2,4,7,8],[2,4,8,9],[2,5,7,8],[2,5,7,9],[2,6,7,9],[3,4,5,7],[3,4,5,9],[3,4,6,9],[3,5,6,7],[3,5,8,9],[4,6,8,9],[5,6,7,8],[5,6,8,9]]

2601_217=[[1,2,3,4],[1,2,3,5],[1,2,4,5],[1,3,4,6],[1,3,5,6],[1,4,5,7],[1,4,6,8],[1,4,7,8],[1,5,6,9],[1,5,7,9],[1,6,7,8],[1,6,7,9],[2,3,4,7],[2,3,5,8],[2,3,6,8],[2,3,6,9],[2,3,7,9],[2,4,5,9],[2,4,7,8],[2,4,8,9],[2,5,7,8],[2,5,7,9],[2,6,8,9],[3,4,5,7],[3,4,5,8],[3,4,6,8],[3,5,6,7],[3,6,7,9],[4,5,8,9],[5,6,7,8],[5,6,8,9]]

2601_218=[[1,2,3,4],[1,2,3,5],[1,2,4,5],[1,3,4,6],[1,3,5,6],[1,4,5,7],[1,4,6,8],[1,4,7,8],[1,5,6,9],[1,5,7,9],[1,6,7,8],[1,6,7,9],[2,3,4,7],[2,3,5,8],[2,3,6,8],[2,3,6,9],[2,3,7,9],[2,4,5,9],[2,4,7,8],[2,4,8,9],[2,5,7,8],[2,5,7,9],[2,6,8,9],[3,4,5,7],[3,4,5,9],[3,4,6,8],[3,4,8,9],[3,5,6,9],[3,5,7,8],[3,7,8,9],[6,7,8,9]]

2601_219=[[1,2,3,4],[1,2,3,5],[1,2,4,5],[1,3,4,6],[1,3,5,6],[1,4,5,7],[1,4,6,8],[1,4,7,8],[1,5,6,9],[1,5,7,9],[1,6,7,8],[1,6,7,9],[2,3,4,7],[2,3,5,8],[2,3,7,9],[2,3,8,9],[2,4,5,9],[2,4,7,8],[2,4,8,9],[2,5,6,7],[2,5,6,8],[2,5,7,9],[2,6,7,8],[3,4,5,7],[3,4,5,8],[3,4,6,8],[3,5,6,7],[3,6,7,9],[3,6,8,9],[4,5,8,9],[5,6,8,9]]

2601_220=[[1,2,3,4],[1,2,3,5],[1,2,4,5],[1,3,4,6],[1,3,5,6],[1,4,5,7],[1,4,6,8],[1,4,7,8],[1,5,6,9],[1,5,7,9],[1,6,7,8],[1,6,7,9],[2,3,4,7],[2,3,5,8],[2,3,7,9],[2,3,8,9],[2,4,5,9],[2,4,7,8],[2,4,8,9],[2,5,7,8],[2,5,7,9],[3,4,5,7],[3,4,5,8],[3,4,6,8],[3,5,6,7],[3,6,7,9],[3,6,8,9],[4,5,8,9],[5,6,7,8],[5,6,8,9]]

2601_221=[[1,2,3,4],[1,2,3,5],[1,2,4,5],[1,3,4,6],[1,3,5,6],[1,4,5,7],[1,4,6,8],[1,4,7,8],[1,5,6,9],[1,5,7,9],[1,6,7,8],[1,6,7,9],[2,3,4,7],[2,3,5,8],[2,3,7,9],[2,3,8,9],[2,4,5,9],[2,4,7,8],[2,4,8,9],[2,5,7,8],[2,5,7,9],[3,4,5,7],[3,4,5,9],[3,4,6,9],[3,5,6,7],[3,5,8,9],[3,6,7,9],[4,6,8,9],[5,6,7,8],[5,6,8,9]]

2601_222=[[1,2,3,4],[1,2,3,5],[1,2,4,5],[1,3,4,6],[1,3,5,6],[1,4,5,7],[1,4,6,8],[1,4,7,8],[1,5,6,9],[1,5,7,9],[1,6,7,8],[1,6,7,9],[2,3,4,7],[2,3,5,9],[2,3,6,7],[2,3,6,8],[2,3,8,9],[2,4,5,8],[2,4,7,9],[2,4,8,9],[2,5,6,8],[2,5,6,9],[2,6,7,9],[3,4,5,7],[3,4,5,8],[3,4,6,8],[3,5,6,7],[3,5,8,9],[4,7,8,9],[5,6,7,8],[5,7,8,9]]

2601_223=[[1,2,3,4],[1,2,3,5],[1,2,4,5],[1,3,4,6],[1,3,5,6],[1,4,5,7],[1,4,6,8],[1,4,7,8],[1,5,6,9],[1,5,7,9],[1,6,7,8],[1,6,7,9],[2,3,4,7],[2,3,5,9],[2,3,6,7],[2,3,6,9],[2,4,5,8],[2,4,7,8],[2,5,8,9],[2,6,7,9],[2,7,8,9],[3,4,5,7],[3,4,5,8],[3,4,6,9],[3,4,8,9],[3,5,6,8],[3,5,7,9],[3,6,7,8],[3,7,8,9],[4,6,8,9],[5,6,8,9]]

2601_224=[[1,2,3,4],[1,2,3,5],[1,2,4,5],[1,3,4,6],[1,3,5,6],[1,4,5,7],[1,4,6,8],[1,4,7,8],[1,5,6,9],[1,5,7,9],[1,6,7,8],[1,6,7,9],[2,3,4,7],[2,3,5,9],[2,3,7,9],[2,4,5,8],[2,4,7,8],[2,5,6,8],[2,5,6,9],[2,6,8,9],[2,7,8,9],[3,4,5,7],[3,4,5,8],[3,4,6,8],[3,5,6,7],[3,5,8,9],[3,6,7,9],[3,6,8,9],[5,6,7,8],[5,7,8,9]]

2601_225=[[1,2,3,4],[1,2,3,5],[1,2,4,5],[1,3,4,6],[1,3,5,6],[1,4,5,7],[1,4,6,8],[1,4,7,8],[1,5,6,9],[1,5,7,9],[1,6,7,8],[1,6,7,9],[2,3,4,7],[2,3,5,9],[2,3,7,9],[2,4,5,8],[2,4,7,8],[2,5,6,8],[2,5,6,9],[2,6,8,9],[2,7,8,9],[3,4,5,7],[3,4,5,8],[3,4,6,9],[3,4,8,9],[3,5,6,7],[3,5,8,9],[3,6,7,9],[4,6,8,9],[5,6,7,8],[5,7,8,9]]

2601_226=[[1,2,3,4],[1,2,3,5],[1,2,4,5],[1,3,4,6],[1,3,5,6],[1,4,5,7],[1,4,6,8],[1,4,7,8],[1,5,6,9],[1,5,7,9],[1,6,7,8],[1,6,7,9],[2,3,4,7],[2,3,5,9],[2,3,7,9],[2,4,5,8],[2,4,7,8],[2,5,6,8],[2,5,6,9],[2,6,8,9],[2,7,8,9],[3,4,5,7],[3,4,5,9],[3,4,6,8],[3,4,8,9],[3,5,6,7],[3,6,7,9],[3,6,8,9],[4,5,8,9],[5,6,7,8],[5,7,8,9]]

2601_227=[[1,2,3,4],[1,2,3,5],[1,2,4,5],[1,3,4,6],[1,3,5,6],[1,4,5,7],[1,4,6,8],[1,4,7,8],[1,5,6,9],[1,5,7,9],[1,6,7,8],[1,6,7,9],[2,3,4,7],[2,3,5,9],[2,3,7,9],[2,4,5,8],[2,4,7,8],[2,5,6,8],[2,5,6,9],[2,6,8,9],[2,7,8,9],[3,4,5,7],[3,4,5,9],[3,4,6,9],[3,5,6,7],[3,6,7,9],[4,5,8,9],[4,6,8,9],[5,6,7,8],[5,7,8,9]]

2601_228=[[1,2,3,4],[1,2,3,5],[1,2,4,5],[1,3,4,6],[1,3,5,6],[1,4,5,7],[1,4,6,8],[1,4,7,8],[1,5,6,9],[1,5,7,9],[1,6,7,8],[1,6,7,9],[2,3,4,7],[2,3,5,9],[2,3,7,9],[2,4,5,8],[2,4,7,8],[2,5,6,8],[2,5,6,9],[2,6,8,9],[2,7,8,9],[3,4,5,7],[3,4,5,9],[3,4,6,9],[3,5,6,8],[3,5,7,8],[3,6,7,8],[3,6,7,9],[4,5,8,9],[4,6,8,9],[5,7,8,9]]

2601_229=[[1,2,3,4],[1,2,3,5],[1,2,4,5],[1,3,4,6],[1,3,5,6],[1,4,5,7],[1,4,6,8],[1,4,7,8],[1,5,6,9],[1,5,7,9],[1,6,7,8],[1,6,7,9],[2,3,4,8],[2,3,5,8],[2,4,5,9],[2,4,6,8],[2,4,6,9],[2,5,7,8],[2,5,7,9],[2,6,8,9],[2,7,8,9],[3,4,5,7],[3,4,5,9],[3,4,6,7],[3,4,8,9],[3,5,6,9],[3,5,7,8],[3,6,7,8],[3,6,8,9],[4,6,7,9],[4,7,8,9]]

2601_230=[[1,2,3,4],[1,2,3,5],[1,2,4,5],[1,3,4,6],[1,3,5,6],[1,4,5,7],[1,4,6,8],[1,4,7,8],[1,5,6,9],[1,5,7,9],[1,6,7,8],[1,6,7,9],[2,3,4,8],[2,3,5,8],[2,4,5,9],[2,4,6,8],[2,4,6,9],[2,5,7,8],[2,5,7,9],[2,6,8,9],[2,7,8,9],[3,4,5,7],[3,4,5,9],[3,4,6,9],[3,4,7,8],[3,5,6,7],[3,5,8,9],[3,6,7,9],[3,7,8,9],[5,6,7,8],[5,6,8,9]]

2601_231=[[1,2,3,4],[1,2,3,5],[1,2,4,5],[1,3,4,6],[1,3,5,6],[1,4,5,7],[1,4,6,8],[1,4,7,8],[1,5,6,9],[1,5,7,9],[1,6,7,8],[1,6,7,9],[2,3,4,8],[2,3,5,9],[2,3,6,7],[2,3,6,8],[2,3,7,9],[2,4,5,7],[2,4,6,8],[2,4,6,9],[2,4,7,9],[2,5,6,7],[2,5,6,9],[3,4,6,9],[3,4,8,9],[3,5,6,8],[3,5,8,9],[3,6,7,9],[4,7,8,9],[5,6,7,8],[5,7,8,9]]

2601_232=[[1,2,3,4],[1,2,3,5],[1,2,4,5],[1,3,4,6],[1,3,5,6],[1,4,5,7],[1,4,6,8],[1,4,7,8],[1,5,6,9],[1,5,7,9],[1,6,7,8],[1,6,7,9],[2,3,4,8],[2,3,5,9],[2,3,6,7],[2,3,6,8],[2,3,7,9],[2,4,5,7],[2,4,7,9],[2,4,8,9],[2,5,7,8],[2,5,8,9],[2,6,7,8],[3,4,6,7],[3,4,7,8],[3,5,6,8],[3,5,7,8],[3,5,7,9],[4,6,7,9],[4,6,8,9],[5,6,8,9]]

2601_233=[[1,2,3,4],[1,2,3,5],[1,2,4,5],[1,3,4,6],[1,3,5,6],[1,4,5,7],[1,4,6,8],[1,4,7,8],[1,5,6,9],[1,5,7,9],[1,6,7,8],[1,6,7,9],[2,3,4,8],[2,3,5,9],[2,3,6,7],[2,3,6,8],[2,3,7,9],[2,4,5,7],[2,4,7,9],[2,4,8,9],[2,5,7,8],[2,5,8,9],[2,6,7,8],[3,4,6,7],[3,4,7,8],[3,5,6,9],[3,6,8,9],[3,7,8,9],[4,6,7,9],[4,6,8,9],[5,7,8,9]]

2601_234=[[1,2,3,4],[1,2,3,5],[1,2,4,5],[1,3,4,6],[1,3,5,6],[1,4,5,7],[1,4,6,8],[1,4,7,8],[1,5,6,9],[1,5,7,9],[1,6,7,8],[1,6,7,9],[2,3,4,8],[2,3,5,9],[2,3,7,8],[2,3,7,9],[2,4,5,7],[2,4,6,7],[2,4,6,8],[2,5,7,8],[2,5,8,9],[2,6,7,9],[2,6,8,9],[3,4,6,7],[3,4,7,9],[3,4,8,9],[3,5,6,9],[3,6,7,8],[3,6,8,9],[4,7,8,9],[5,7,8,9]]

2601_235=[[1,2,3,4],[1,2,3,5],[1,2,4,5],[1,3,4,6],[1,3,5,6],[1,4,5,7],[1,4,6,8],[1,4,7,8],[1,5,6,9],[1,5,7,9],[1,6,7,8],[1,6,7,9],[2,3,4,8],[2,3,5,9],[2,3,7,8],[2,3,7,9],[2,4,5,8],[2,5,6,8],[2,5,6,9],[2,6,8,9],[2,7,8,9],[3,4,5,7],[3,4,5,9],[3,4,6,9],[3,4,7,8],[3,5,6,7],[3,6,7,9],[4,5,8,9],[4,6,8,9],[5,6,7,8],[5,7,8,9]]

2601_236=[[1,2,3,4],[1,2,3,5],[1,2,4,5],[1,3,4,6],[1,3,5,6],[1,4,5,7],[1,4,6,8],[1,4,7,8],[1,5,6,9],[1,5,7,9],[1,6,8,9],[1,7,8,9],[2,3,4,7],[2,3,5,8],[2,3,6,7],[2,3,6,8],[2,4,5,6],[2,4,6,8],[2,4,7,8],[2,5,6,9],[2,5,8,9],[2,6,7,9],[2,7,8,9],[3,4,6,9],[3,4,7,9],[3,5,6,7],[3,5,7,9],[3,5,8,9],[3,6,8,9],[4,5,6,7],[4,6,7,9]]

2601_237=[[1,2,3,4],[1,2,3,5],[1,2,4,5],[1,3,4,6],[1,3,5,6],[1,4,5,7],[1,4,6,8],[1,4,7,8],[1,5,6,9],[1,5,7,9],[1,6,8,9],[1,7,8,9],[2,3,4,7],[2,3,5,8],[2,3,6,8],[2,3,6,9],[2,3,7,9],[2,4,5,9],[2,4,7,8],[2,4,8,9],[2,5,7,8],[2,5,7,9],[2,6,8,9],[3,4,5,7],[3,4,5,9],[3,4,6,8],[3,4,8,9],[3,5,6,9],[3,5,7,8],[3,7,8,9]]

2601_238=[[1,2,3,4],[1,2,3,5],[1,2,4,5],[1,3,4,6],[1,3,5,6],[1,4,5,7],[1,4,6,8],[1,4,7,8],[1,5,6,9],[1,5,7,9],[1,6,8,9],[1,7,8,9],[2,3,4,7],[2,3,5,9],[2,3,6,7],[2,3,6,8],[2,3,8,9],[2,4,5,6],[2,4,6,8],[2,4,7,8],[2,5,6,9],[2,6,7,9],[2,7,8,9],[3,4,6,9],[3,4,7,9],[3,5,6,7],[3,5,7,9],[3,6,8,9],[4,5,6,7],[4,6,7,9]]

2601_239=[[1,2,3,4],[1,2,3,5],[1,2,4,5],[1,3,4,6],[1,3,5,6],[1,4,5,7],[1,4,6,8],[1,4,7,8],[1,5,6,9],[1,5,7,9],[1,6,8,9],[1,7,8,9],[2,3,4,7],[2,3,5,9],[2,3,6,7],[2,3,6,8],[2,3,8,9],[2,4,5,8],[2,4,7,8],[2,5,6,8],[2,5,6,9],[2,6,7,9],[2,7,8,9],[3,4,6,9],[3,4,7,9],[3,5,6,7],[3,5,7,9],[3,6,8,9],[4,5,6,7],[4,5,6,8],[4,6,7,9]]

2601_240=[[1,2,3,4],[1,2,3,5],[1,2,4,5],[1,3,4,6],[1,3,5,6],[1,4,5,7],[1,4,6,8],[1,4,7,8],[1,5,6,9],[1,5,7,9],[1,6,8,9],[1,7,8,9],[2,3,4,8],[2,3,5,9],[2,3,6,7],[2,3,6,8],[2,3,7,9],[2,4,5,8],[2,5,6,7],[2,5,6,9],[2,5,7,8],[2,6,8,9],[2,7,8,9],[3,4,6,7],[3,4,7,8],[3,5,6,8],[3,5,7,8],[3,5,7,9],[4,5,6,7],[4,5,6,8]]

2601_241=[[1,2,3,4],[1,2,3,5],[1,2,4,5],[1,3,4,6],[1,3,5,6],[1,4,5,7],[1,4,6,8],[1,4,7,8],[1,5,6,9],[1,5,7,9],[1,6,8,9],[1,7,8,9],[2,3,4,8],[2,3,5,9],[2,3,8,9],[2,4,5,6],[2,4,6,8],[2,5,6,9],[2,6,7,8],[2,6,7,9],[2,7,8,9],[3,4,6,7],[3,4,7,8],[3,5,6,8],[3,5,7,8],[3,5,7,9],[3,6,7,9],[3,6,8,9],[4,5,6,7],[5,6,7,8]]

2601_242=[[1,2,3,4],[1,2,3,5],[1,2,4,5],[1,3,4,6],[1,3,5,6],[1,4,5,7],[1,4,6,8],[1,4,7,8],[1,5,6,9],[1,5,7,9],[1,6,8,9],[1,7,8,9],[2,3,4,8],[2,3,5,9],[2,3,8,9],[2,4,5,6],[2,4,6,8],[2,5,6,9],[2,6,7,8],[2,6,7,9],[2,7,8,9],[3,4,6,9],[3,4,7,8],[3,4,7,9],[3,5,6,8],[3,5,7,8],[3,5,7,9],[3,6,8,9],[4,5,6,7],[4,6,7,9],[5,6,7,8]]

2601_243=[[1,2,3,4],[1,2,3,5],[1,2,4,5],[1,3,4,6],[1,3,5,6],[1,4,5,7],[1,4,6,8],[1,4,7,9],[1,4,8,9],[1,5,6,8],[1,5,7,9],[1,5,8,9],[2,3,4,6],[2,3,5,7],[2,3,6,8],[2,3,7,9],[2,3,8,9],[2,4,5,8],[2,4,6,7],[2,4,7,9],[2,4,8,9],[2,5,6,7],[2,5,6,8],[3,5,6,9],[3,5,7,8],[3,5,8,9],[3,6,7,8],[3,6,7,9],[4,5,7,8],[4,6,7,8],[5,6,7,9]]

2601_244=[[1,2,3,4],[1,2,3,5],[1,2,4,5],[1,3,4,6],[1,3,5,6],[1,4,5,7],[1,4,6,8],[1,4,7,9],[1,4,8,9],[1,5,6,8],[1,5,7,9],[1,5,8,9],[2,3,4,6],[2,3,5,7],[2,3,6,8],[2,3,7,9],[2,3,8,9],[2,4,5,8],[2,4,6,9],[2,4,8,9],[2,5,6,8],[2,5,6,9],[2,5,7,9],[3,5,6,9],[3,5,7,8],[3,5,8,9],[3,6,7,8],[3,6,7,9],[4,5,7,8],[4,6,7,8],[4,6,7,9]]

2601_245=[[1,2,3,4],[1,2,3,5],[1,2,4,5],[1,3,4,6],[1,3,5,6],[1,4,5,7],[1,4,6,8],[1,4,7,9],[1,4,8,9],[1,5,6,8],[1,5,7,9],[1,5,8,9],[2,3,4,7],[2,3,5,9],[2,3,6,7],[2,3,6,9],[2,4,5,6],[2,4,6,9],[2,4,7,9],[2,5,6,8],[2,5,8,9],[2,6,7,8],[2,7,8,9],[3,4,6,9],[3,4,7,8],[3,4,8,9],[3,5,6,7],[3,5,7,9],[3,7,8,9],[4,5,6,7],[4,6,7,8]]

2601_246=[[1,2,3,4],[1,2,3,5],[1,2,4,5],[1,3,4,6],[1,3,5,6],[1,4,5,7],[1,4,6,8],[1,4,7,9],[1,4,8,9],[1,5,6,8],[1,5,7,9],[1,5,8,9],[2,3,4,7],[2,3,5,9],[2,3,6,7],[2,3,6,9],[2,4,5,8],[2,4,6,7],[2,4,6,8],[2,5,8,9],[2,6,8,9],[3,4,6,9],[3,4,7,8],[3,4,8,9],[3,5,6,7],[3,5,7,9],[3,7,8,9],[4,5,7,8],[4,6,7,9],[5,6,7,8],[6,7,8,9]]

2601_247=[[1,2,3,4],[1,2,3,5],[1,2,4,5],[1,3,4,6],[1,3,5,6],[1,4,5,7],[1,4,6,8],[1,4,7,9],[1,4,8,9],[1,5,6,9],[1,5,7,8],[1,5,8,9],[1,6,7,8],[1,6,7,9],[2,3,4,7],[2,3,5,8],[2,3,7,9],[2,3,8,9],[2,4,5,6],[2,4,6,9],[2,4,7,9],[2,5,6,9],[2,5,8,9],[3,4,6,9],[3,4,7,8],[3,4,8,9],[3,5,6,7],[3,5,7,8],[3,6,7,9],[4,5,6,7],[4,6,7,8]]

2601_248=[[1,2,3,4],[1,2,3,5],[1,2,4,5],[1,3,4,6],[1,3,5,6],[1,4,5,7],[1,4,6,8],[1,4,7,9],[1,4,8,9],[1,5,6,9],[1,5,7,8],[1,5,8,9],[1,6,7,8],[1,6,7,9],[2,3,4,7],[2,3,5,8],[2,3,7,9],[2,3,8,9],[2,4,5,6],[2,4,6,9],[2,4,7,9],[2,5,6,9],[2,5,8,9],[3,4,6,9],[3,4,7,8],[3,4,8,9],[3,5,6,8],[3,6,7,8],[3,6,7,9],[4,5,6,8],[4,5,7,8]]

2601_249=[[1,2,3,4],[1,2,3,5],[1,2,4,5],[1,3,4,6],[1,3,5,6],[1,4,5,7],[1,4,6,8],[1,4,7,9],[1,4,8,9],[1,5,6,9],[1,5,7,8],[1,5,8,9],[1,6,7,8],[1,6,7,9],[2,3,4,7],[2,3,5,8],[2,3,7,9],[2,3,8,9],[2,4,5,9],[2,4,7,9],[2,5,8,9],[3,4,6,9],[3,4,7,8],[3,4,8,9],[3,5,6,7],[3,5,7,8],[3,6,7,9],[4,5,6,7],[4,5,6,9],[4,6,7,8]]

2601_250=[[1,2,3,4],[1,2,3,5],[1,2,4,5],[1,3,4,6],[1,3,5,6],[1,4,5,7],[1,4,6,8],[1,4,7,9],[1,4,8,9],[1,5,6,9],[1,5,7,8],[1,5,8,9],[1,6,7,8],[1,6,7,9],[2,3,4,7],[2,3,5,8],[2,3,7,9],[2,3,8,9],[2,4,5,9],[2,4,7,9],[2,5,8,9],[3,4,6,9],[3,4,7,8],[3,4,8,9],[3,5,6,8],[3,6,7,8],[3,6,7,9],[4,5,6,8],[4,5,6,9],[4,5,7,8]]

2601_251=[[1,2,3,4],[1,2,3,5],[1,2,4,5],[1,3,4,6],[1,3,5,6],[1,4,5,7],[1,4,6,8],[1,4,7,9],[1,4,8,9],[1,5,6,9],[1,5,7,8],[1,5,8,9],[1,6,7,8],[1,6,7,9],[2,3,4,7],[2,3,5,9],[2,3,6,7],[2,3,6,8],[2,3,8,9],[2,4,5,8],[2,4,7,9],[2,4,8,9],[2,5,6,8],[2,5,6,9],[2,6,7,9],[3,4,5,7],[3,4,5,8],[3,4,6,8],[3,5,6,7],[3,5,8,9],[5,6,7,8]]

2601_252=[[1,2,3,4],[1,2,3,5],[1,2,4,5],[1,3,4,6],[1,3,5,6],[1,4,5,7],[1,4,6,8],[1,4,7,9],[1,4,8,9],[1,5,6,9],[1,5,7,8],[1,5,8,9],[1,6,7,8],[1,6,7,9],[2,3,4,7],[2,3,5,9],[2,3,7,8],[2,3,8,9],[2,4,5,6],[2,4,6,8],[2,4,7,9],[2,4,8,9],[2,5,6,8],[2,5,7,8],[2,5,7,9],[3,4,6,7],[3,5,6,8],[3,5,8,9],[3,6,7,8],[4,5,6,7],[5,6,7,9]]

2601_253=[[1,2,3,4],[1,2,3,5],[1,2,4,5],[1,3,4,6],[1,3,5,6],[1,4,5,7],[1,4,6,8],[1,4,7,9],[1,4,8,9],[1,5,6,9],[1,5,7,8],[1,5,8,9],[1,6,7,8],[1,6,7,9],[2,3,4,7],[2,3,5,9],[2,3,7,8],[2,3,8,9],[2,4,5,8],[2,4,7,9],[2,4,8,9],[2,5,6,7],[2,5,6,9],[2,5,7,8],[2,6,7,9],[3,4,6,7],[3,5,6,8],[3,5,8,9],[3,6,7,8],[4,5,6,7],[4,5,6,8]]

2601_254=[[1,2,3,4],[1,2,3,5],[1,2,4,5],[1,3,4,6],[1,3,5,6],[1,4,5,7],[1,4,6,8],[1,4,7,9],[1,4,8,9],[1,5,6,9],[1,5,7,8],[1,5,8,9],[1,6,7,8],[1,6,7,9],[2,3,4,7],[2,3,5,9],[2,3,7,8],[2,3,8,9],[2,4,5,8],[2,4,7,9],[2,4,8,9],[2,5,7,8],[2,5,7,9],[3,4,6,7],[3,5,6,8],[3,5,8,9],[3,6,7,8],[4,5,6,7],[4,5,6,8],[5,6,7,9]]

2601_255=[[1,2,3,4],[1,2,3,5],[1,2,4,5],[1,3,4,6],[1,3,5,6],[1,4,5,7],[1,4,6,8],[1,4,7,9],[1,4,8,9],[1,5,6,9],[1,5,7,8],[1,5,8,9],[1,6,7,8],[1,6,7,9],[2,3,4,7],[2,3,5,9],[2,3,7,9],[2,4,5,6],[2,4,6,9],[2,4,7,9],[2,5,6,9],[3,4,6,9],[3,4,7,8],[3,4,8,9],[3,5,6,7],[3,5,7,8],[3,5,8,9],[3,6,7,9],[4,5,6,7],[4,6,7,8]]

2601_256=[[1,2,3,4],[1,2,3,5],[1,2,4,5],[1,3,4,6],[1,3,5,6],[1,4,5,7],[1,4,6,8],[1,4,7,9],[1,4,8,9],[1,5,6,9],[1,5,7,8],[1,5,8,9],[1,6,7,8],[1,6,7,9],[2,3,4,7],[2,3,5,9],[2,3,7,9],[2,4,5,6],[2,4,6,9],[2,4,7,9],[2,5,6,9],[3,4,6,9],[3,4,7,8],[3,4,8,9],[3,5,6,8],[3,5,8,9],[3,6,7,8],[3,6,7,9],[4,5,6,8],[4,5,7,8]]

2601_257=[[1,2,3,4],[1,2,3,5],[1,2,4,5],[1,3,4,6],[1,3,5,6],[1,4,5,7],[1,4,6,8],[1,4,7,9],[1,4,8,9],[1,5,6,9],[1,5,7,8],[1,5,8,9],[1,6,7,8],[1,6,7,9],[2,3,4,8],[2,3,5,9],[2,3,6,7],[2,3,6,8],[2,3,7,9],[2,4,5,7],[2,4,6,8],[2,4,6,9],[2,4,7,9],[2,5,6,7],[2,5,6,9],[3,4,6,9],[3,4,8,9],[3,5,6,8],[3,5,8,9],[3,6,7,9],[5,6,7,8]]

2601_258=[[1,2,3,4],[1,2,3,5],[1,2,4,5],[1,3,4,6],[1,3,5,6],[1,4,5,7],[1,4,6,8],[1,4,7,9],[1,4,8,9],[1,5,6,9],[1,5,7,8],[1,5,8,9],[1,6,7,8],[1,6,7,9],[2,3,4,8],[2,3,5,9],[2,3,7,8],[2,3,7,9],[2,4,5,6],[2,4,6,7],[2,4,7,8],[2,5,6,9],[2,6,7,9],[3,4,6,7],[3,4,7,9],[3,4,8,9],[3,5,6,8],[3,5,8,9],[3,6,7,8],[4,5,6,8],[4,5,7,8]]

2601_259=[[1,2,3,4],[1,2,3,5],[1,2,4,5],[1,3,4,6],[1,3,5,6],[1,4,5,7],[1,4,6,8],[1,4,7,9],[1,4,8,9],[1,5,6,9],[1,5,7,8],[1,5,8,9],[1,6,7,8],[1,6,7,9],[2,3,4,9],[2,3,5,8],[2,3,7,8],[2,3,7,9],[2,4,5,6],[2,4,6,7],[2,4,7,8],[2,4,8,9],[2,5,6,9],[2,5,8,9],[2,6,7,9],[3,4,6,7],[3,4,7,9],[3,5,6,8],[3,6,7,8],[4,5,6,8],[4,5,7,8]]

2601_260=[[1,2,3,4],[1,2,3,5],[1,2,4,5],[1,3,4,6],[1,3,5,7],[1,3,6,7],[1,4,5,8],[1,4,6,7],[1,4,7,8],[1,5,7,8],[2,3,4,6],[2,3,5,8],[2,3,6,9],[2,3,7,8],[2,3,7,9],[2,4,5,7],[2,4,6,8],[2,4,7,8],[2,5,6,7],[2,5,6,8],[2,6,7,9],[3,5,7,9],[3,5,8,9],[3,6,7,8],[3,6,8,9],[4,5,7,9],[4,5,8,9],[4,6,7,9],[4,6,8,9],[5,6,7,8]]

2601_261=[[1,2,3,4],[1,2,3,5],[1,2,4,5],[1,3,4,6],[1,3,5,7],[1,3,6,7],[1,4,5,8],[1,4,6,7],[1,4,7,8],[1,5,7,8],[2,3,4,6],[2,3,5,8],[2,3,6,9],[2,3,8,9],[2,4,5,7],[2,4,6,8],[2,4,7,8],[2,5,6,8],[2,5,6,9],[2,5,7,9],[2,7,8,9],[3,5,7,9],[3,5,8,9],[3,6,7,9],[4,5,6,7],[4,5,6,9],[4,5,8,9],[4,6,8,9],[5,6,7,8],[6,7,8,9]]

2601_262=[[1,2,3,4],[1,2,3,5],[1,2,4,5],[1,3,4,6],[1,3,5,7],[1,3,6,7],[1,4,5,8],[1,4,6,7],[1,4,7,8],[1,5,7,8],[2,3,4,6],[2,3,5,8],[2,3,6,9],[2,3,8,9],[2,4,5,9],[2,4,6,8],[2,4,8,9],[2,5,6,7],[2,5,6,9],[2,5,7,8],[2,6,7,8],[3,5,7,9],[3,5,8,9],[3,6,7,9],[4,5,6,7],[4,5,6,8],[4,5,7,9],[4,7,8,9],[5,6,8,9],[6,7,8,9]]

2601_263=[[1,2,3,4],[1,2,3,5],[1,2,4,5],[1,3,4,6],[1,3,5,7],[1,3,6,7],[1,4,5,8],[1,4,6,7],[1,4,7,8],[1,5,7,8],[2,3,4,7],[2,3,5,6],[2,3,6,7],[2,4,5,9],[2,4,7,8],[2,4,8,9],[2,5,6,8],[2,5,8,9],[2,6,7,8],[3,4,6,8],[3,4,7,9],[3,4,8,9],[3,5,6,9],[3,5,7,9],[3,6,8,9],[4,5,6,8],[4,5,6,9],[4,6,7,9],[5,7,8,9],[6,7,8,9]]

2601_264=[[1,2,3,4],[1,2,3,5],[1,2,4,5],[1,3,4,6],[1,3,5,7],[1,3,6,7],[1,4,5,8],[1,4,6,7],[1,4,7,8],[1,5,7,8],[2,3,4,7],[2,3,5,6],[2,3,6,7],[2,4,5,9],[2,4,7,9],[2,5,6,9],[2,6,7,8],[2,6,8,9],[2,7,8,9],[3,4,6,8],[3,4,7,8],[3,5,6,8],[3,5,7,9],[3,5,8,9],[3,7,8,9],[4,5,8,9],[4,6,7,9],[4,6,8,9],[5,6,7,8],[5,6,7,9]]

2601_265=[[1,2,3,4],[1,2,3,5],[1,2,4,5],[1,3,4,6],[1,3,5,7],[1,3,6,7],[1,4,5,8],[1,4,6,7],[1,4,7,8],[1,5,7,8],[2,3,4,7],[2,3,5,8],[2,3,6,7],[2,3,6,8],[2,4,5,9],[2,4,7,9],[2,5,6,7],[2,5,6,9],[2,5,7,8],[2,6,8,9],[2,7,8,9],[3,4,6,8],[3,4,7,8],[3,5,7,9],[3,5,8,9],[3,7,8,9],[4,5,8,9],[4,6,7,9],[4,6,8,9],[5,6,7,9]]

2601_266=[[1,2,3,4],[1,2,3,5],[1,2,4,5],[1,3,4,6],[1,3,5,7],[1,3,6,7],[1,4,5,8],[1,4,6,7],[1,4,7,8],[1,5,7,8],[2,3,4,7],[2,3,5,8],[2,3,7,9],[2,3,8,9],[2,4,5,6],[2,4,6,7],[2,5,6,9],[2,5,8,9],[2,6,7,9],[3,4,6,9],[3,4,7,8],[3,4,8,9],[3,5,6,8],[3,5,6,9],[3,5,7,9],[3,6,7,8],[4,5,6,8],[4,6,8,9],[5,7,8,9],[6,7,8,9]]

2601_267=[[1,2,3,4],[1,2,3,5],[1,2,4,5],[1,3,4,6],[1,3,5,7],[1,3,6,7],[1,4,5,8],[1,4,6,8],[1,5,7,8],[1,6,7,8],[2,3,4,7],[2,3,5,6],[2,3,6,7],[2,4,5,9],[2,4,6,8],[2,4,6,9],[2,4,7,8],[2,5,6,8],[2,5,7,8],[2,5,7,9],[2,6,7,9],[3,4,5,8],[3,4,5,9],[3,4,6,9],[3,4,7,8],[3,5,6,8],[3,5,7,9],[3,6,8,9],[3,7,8,9],[6,7,8,9]]

2601_268=[[1,2,3,4],[1,2,3,5],[1,2,4,5],[1,3,4,6],[1,3,5,7],[1,3,6,7],[1,4,5,8],[1,4,6,8],[1,5,7,8],[1,6,7,8],[2,3,4,7],[2,3,5,8],[2,3,6,7],[2,3,6,8],[2,4,5,6],[2,4,6,8],[2,4,7,9],[2,4,8,9],[2,5,6,9],[2,5,8,9],[2,6,7,9],[3,4,5,7],[3,4,5,8],[3,4,6,9],[3,4,8,9],[3,6,8,9],[4,5,6,9],[4,5,7,9],[5,7,8,9],[6,7,8,9]]

2601_269=[[1,2,3,4],[1,2,3,5],[1,2,4,5],[1,3,4,6],[1,3,5,7],[1,3,6,7],[1,4,5,8],[1,4,6,8],[1,5,7,8],[1,6,7,8],[2,3,4,7],[2,3,5,8],[2,3,6,7],[2,3,6,8],[2,4,5,9],[2,4,6,8],[2,4,6,9],[2,4,7,8],[2,5,7,8],[2,5,7,9],[2,6,7,9],[3,4,5,8],[3,4,5,9],[3,4,6,9],[3,4,7,8],[3,5,7,9],[3,6,8,9],[3,7,8,9],[6,7,8,9]]

2601_270=[[1,2,3,4],[1,2,3,5],[1,2,4,5],[1,3,4,6],[1,3,5,7],[1,3,6,7],[1,4,5,8],[1,4,6,8],[1,5,7,8],[1,6,7,8],[2,3,4,7],[2,3,5,8],[2,3,6,7],[2,3,6,9],[2,3,8,9],[2,4,5,6],[2,4,6,9],[2,4,7,9],[2,5,6,8],[2,6,7,8],[2,7,8,9],[3,4,5,6],[3,4,5,8],[3,4,7,9],[3,4,8,9],[3,5,6,9],[3,5,7,9],[4,6,8,9],[5,6,8,9],[5,7,8,9]]

2601_271=[[1,2,3,4],[1,2,3,5],[1,2,4,5],[1,3,4,6],[1,3,5,7],[1,3,6,7],[1,4,5,8],[1,4,6,8],[1,5,7,8],[1,6,7,8],[2,3,4,7],[2,3,5,8],[2,3,6,7],[2,3,6,9],[2,3,8,9],[2,4,5,9],[2,4,7,8],[2,4,8,9],[2,5,7,8],[2,5,7,9],[2,6,7,9],[3,4,5,6],[3,4,5,8],[3,4,7,8],[3,5,6,9],[3,5,7,9],[3,7,8,9],[4,5,6,9],[4,6,8,9],[6,7,8,9]]

2601_272=[[1,2,3,4],[1,2,3,5],[1,2,4,5],[1,3,4,6],[1,3,5,7],[1,3,6,7],[1,4,5,8],[1,4,6,8],[1,5,7,8],[1,6,7,8],[2,3,4,7],[2,3,5,8],[2,3,6,7],[2,3,6,9],[2,3,8,9],[2,4,5,9],[2,4,7,8],[2,4,8,9],[2,5,7,8],[2,5,7,9],[2,6,7,9],[3,4,5,8],[3,4,5,9],[3,4,6,9],[3,4,7,8],[3,5,7,9],[3,7,8,9],[4,6,8,9],[6,7,8,9]]

2601_273=[[1,2,3,4],[1,2,3,5],[1,2,4,5],[1,3,4,6],[1,3,5,7],[1,3,6,7],[1,4,5,8],[1,4,6,8],[1,5,7,8],[1,6,7,8],[2,3,4,7],[2,3,5,8],[2,3,7,9],[2,3,8,9],[2,4,5,9],[2,4,6,8],[2,4,6,9],[2,4,7,8],[2,5,7,8],[2,5,7,9],[2,6,8,9],[3,4,5,7],[3,4,5,8],[3,4,6,9],[3,4,8,9],[3,6,7,9],[4,5,7,9],[4,7,8,9],[6,7,8,9]]

2601_274=[[1,2,3,4],[1,2,3,5],[1,2,4,5],[1,3,4,6],[1,3,5,7],[1,3,6,7],[1,4,5,8],[1,4,6,8],[1,5,7,8],[1,6,7,9],[1,6,8,9],[1,7,8,9],[2,3,4,6],[2,3,5,8],[2,3,6,9],[2,3,7,8],[2,3,7,9],[2,4,5,9],[2,4,6,7],[2,4,7,9],[2,5,6,7],[2,5,6,9],[2,5,7,8],[3,5,7,9],[3,5,8,9],[3,6,7,8],[3,6,8,9],[4,5,8,9],[4,6,7,8],[4,7,8,9],[5,6,7,9]]

2601_275=[[1,2,3,4],[1,2,3,5],[1,2,4,5],[1,3,4,6],[1,3,5,7],[1,3,6,7],[1,4,5,8],[1,4,6,8],[1,5,7,9],[1,5,8,9],[1,6,7,8],[1,7,8,9],[2,3,4,6],[2,3,5,8],[2,3,6,9],[2,3,8,9],[2,4,5,9],[2,4,6,7],[2,4,7,8],[2,4,8,9],[2,5,6,8],[2,5,6,9],[2,6,7,8],[3,5,7,8],[3,6,7,9],[3,7,8,9],[4,5,7,8],[4,5,7,9],[4,6,7,9],[4,6,8,9],[5,6,8,9]]

2601_276=[[1,2,3,4],[1,2,3,5],[1,2,4,5],[1,3,4,6],[1,3,5,7],[1,3,6,7],[1,4,5,8],[1,4,6,8],[1,5,7,9],[1,5,8,9],[1,6,7,8],[1,7,8,9],[2,3,4,7],[2,3,5,6],[2,3,6,7],[2,4,5,9],[2,4,7,9],[2,5,6,8],[2,5,8,9],[2,6,7,9],[2,6,8,9],[3,4,5,6],[3,4,5,7],[4,5,6,9],[4,5,7,8],[4,6,8,9],[4,7,8,9],[5,6,7,8],[5,6,7,9]]

2601_277=[[1,2,3,4],[1,2,3,5],[1,2,4,5],[1,3,4,6],[1,3,5,7],[1,3,6,7],[1,4,5,8],[1,4,6,8],[1,5,7,9],[1,5,8,9],[1,6,7,8],[1,7,8,9],[2,3,4,7],[2,3,5,6],[2,3,6,7],[2,4,5,9],[2,4,7,9],[2,5,6,8],[2,5,8,9],[2,6,7,9],[2,6,8,9],[3,4,5,6],[3,4,5,8],[3,4,7,8],[3,5,7,8],[4,5,6,9],[4,6,8,9],[4,7,8,9],[5,6,7,8],[5,6,7,9]]

2601_278=[[1,2,3,4],[1,2,3,5],[1,2,4,5],[1,3,4,6],[1,3,5,7],[1,3,6,7],[1,4,5,8],[1,4,6,8],[1,5,7,9],[1,5,8,9],[1,6,7,8],[1,7,8,9],[2,3,4,7],[2,3,5,6],[2,3,6,7],[2,4,5,9],[2,4,7,9],[2,5,6,8],[2,5,8,9],[2,6,7,9],[2,6,8,9],[3,4,5,8],[3,4,5,9],[3,4,6,9],[3,4,7,8],[3,5,6,9],[3,5,7,8],[4,6,8,9],[4,7,8,9],[5,6,7,8],[5,6,7,9]]

2601_279=[[1,2,3,4],[1,2,3,5],[1,2,4,5],[1,3,4,6],[1,3,5,7],[1,3,6,7],[1,4,5,8],[1,4,6,8],[1,5,7,9],[1,5,8,9],[1,6,7,8],[1,7,8,9],[2,3,4,7],[2,3,5,8],[2,3,6,7],[2,3,6,9],[2,3,8,9],[2,4,5,6],[2,4,6,9],[2,4,7,9],[2,5,6,8],[2,6,7,8],[2,7,8,9],[3,4,5,6],[3,4,5,8],[3,4,7,9],[3,4,8,9],[3,5,6,9],[3,5,7,9],[4,6,8,9],[5,6,8,9]]

2601_280=[[1,2,3,4],[1,2,3,5],[1,2,4,5],[1,3,4,6],[1,3,5,7],[1,3,6,7],[1,4,5,8],[1,4,6,8],[1,5,7,9],[1,5,8,9],[1,6,7,8],[1,7,8,9],[2,3,4,7],[2,3,5,8],[2,3,6,7],[2,3,6,9],[2,3,8,9],[2,4,5,9],[2,4,7,8],[2,4,8,9],[2,5,6,8],[2,5,6,9],[2,6,7,8],[3,4,6,9],[3,4,7,9],[3,5,7,8],[3,7,8,9],[4,5,7,8],[4,5,7,9],[4,6,8,9],[5,6,8,9]]

2601_281=[[1,2,3,4],[1,2,3,5],[1,2,4,5],[1,3,4,6],[1,3,5,7],[1,3,6,7],[1,4,5,8],[1,4,6,8],[1,5,7,9],[1,5,8,9],[1,6,7,8],[1,7,8,9],[2,3,4,7],[2,3,5,9],[2,3,7,9],[2,4,5,6],[2,4,6,8],[2,4,7,8],[2,5,6,9],[2,6,8,9],[2,7,8,9],[3,4,5,6],[3,4,5,7],[3,5,6,8],[3,5,8,9],[3,6,7,9],[3,6,8,9],[4,5,7,8],[5,6,7,8],[5,6,7,9]]

2601_282=[[1,2,3,4],[1,2,3,5],[1,2,4,5],[1,3,4,6],[1,3,5,7],[1,3,6,7],[1,4,5,8],[1,4,6,8],[1,5,7,9],[1,5,8,9],[1,6,7,9],[1,6,8,9],[2,3,4,7],[2,3,5,8],[2,3,6,7],[2,3,6,8],[2,4,5,6],[2,4,6,8],[2,4,7,8],[2,5,6,9],[2,5,8,9],[2,6,7,9],[2,7,8,9],[3,4,5,7],[3,4,5,8],[3,4,6,9],[3,4,8,9],[3,6,8,9],[4,5,6,9],[4,5,7,9],[4,7,8,9]]

2601_283=[[1,2,3,4],[1,2,3,5],[1,2,4,5],[1,3,4,6],[1,3,5,7],[1,3,6,7],[1,4,5,8],[1,4,6,8],[1,5,7,9],[1,5,8,9],[1,6,7,9],[1,6,8,9],[2,3,4,7],[2,3,5,8],[2,3,6,7],[2,3,6,8],[2,4,5,6],[2,4,6,8],[2,4,7,9],[2,4,8,9],[2,5,6,7],[2,5,7,9],[2,5,8,9],[3,4,5,7],[3,4,5,8],[3,4,6,9],[3,4,8,9],[3,6,8,9],[4,5,6,7],[4,6,7,9]]

2601_284=[[1,2,3,4],[1,2,3,5],[1,2,4,5],[1,3,4,6],[1,3,5,7],[1,3,6,7],[1,4,5,8],[1,4,6,8],[1,5,7,9],[1,5,8,9],[1,6,7,9],[1,6,8,9],[2,3,4,7],[2,3,5,8],[2,3,6,7],[2,3,6,8],[2,4,5,6],[2,4,6,8],[2,4,7,9],[2,4,8,9],[2,5,6,9],[2,5,8,9],[2,6,7,9],[3,4,5,7],[3,4,5,8],[3,4,6,9],[3,4,8,9],[3,6,8,9],[4,5,6,9],[4,5,7,9]]

2601_285=[[1,2,3,4],[1,2,3,5],[1,2,4,5],[1,3,4,6],[1,3,5,7],[1,3,6,7],[1,4,5,8],[1,4,6,8],[1,5,7,9],[1,5,8,9],[1,6,7,9],[1,6,8,9],[2,3,4,7],[2,3,5,8],[2,3,6,7],[2,3,6,8],[2,4,5,6],[2,4,6,8],[2,4,7,9],[2,4,8,9],[2,5,6,9],[2,5,8,9],[2,6,7,9],[3,4,6,9],[3,4,7,8],[3,4,8,9],[3,5,7,8],[3,6,8,9],[4,5,6,9],[4,5,7,8],[4,5,7,9]]

2601_286=[[1,2,3,4],[1,2,3,5],[1,2,4,5],[1,3,4,6],[1,3,5,7],[1,3,6,7],[1,4,5,8],[1,4,6,8],[1,5,7,9],[1,5,8,9],[1,6,7,9],[1,6,8,9],[2,3,4,7],[2,3,5,8],[2,3,7,8],[2,4,5,6],[2,4,6,8],[2,4,7,9],[2,4,8,9],[2,5,6,9],[2,5,8,9],[2,6,7,8],[2,6,7,9],[3,4,5,7],[3,4,5,8],[3,4,6,9],[3,4,8,9],[3,6,7,8],[3,6,8,9],[4,5,6,9],[4,5,7,9]]

2601_287=[[1,2,3,4],[1,2,3,5],[1,2,4,5],[1,3,4,6],[1,3,5,7],[1,3,6,7],[1,4,5,8],[1,4,6,9],[1,4,7,8],[1,4,7,9],[1,5,6,8],[1,5,6,9],[1,5,7,9],[1,6,7,8],[2,3,4,7],[2,3,5,8],[2,3,6,7],[2,3,6,8],[2,4,5,9],[2,4,7,9],[2,5,6,8],[2,5,6,9],[2,6,7,9],[3,4,5,8],[3,4,5,9],[3,4,6,9],[3,4,7,8],[3,5,7,9],[3,6,8,9],[3,7,8,9],[6,7,8,9]]

2601_288=[[1,2,3,4],[1,2,3,5],[1,2,4,5],[1,3,4,6],[1,3,5,7],[1,3,6,7],[1,4,5,8],[1,4,6,9],[1,4,8,9],[1,5,7,9],[1,5,8,9],[1,6,7,9],[2,3,4,7],[2,3,5,8],[2,3,6,7],[2,3,6,8],[2,4,5,6],[2,4,6,8],[2,4,7,8],[2,5,6,9],[2,5,8,9],[2,6,7,9],[2,7,8,9],[3,4,6,8],[3,4,7,9],[3,4,8,9],[3,5,7,8],[3,7,8,9],[4,5,6,9],[4,5,7,8],[4,5,7,9]]

2601_289=[[1,2,3,4],[1,2,3,5],[1,2,4,5],[1,3,4,6],[1,3,5,7],[1,3,6,7],[1,4,5,8],[1,4,6,9],[1,4,8,9],[1,5,7,9],[1,5,8,9],[1,6,7,9],[2,3,4,7],[2,3,5,8],[2,3,6,7],[2,3,6,8],[2,4,5,6],[2,4,6,9],[2,4,7,9],[2,5,6,7],[2,5,7,9],[2,5,8,9],[2,6,8,9],[3,4,5,7],[3,4,5,8],[3,4,6,8],[4,5,6,7],[4,6,7,8],[4,7,8,9],[6,7,8,9]]

2601_290=[[1,2,3,4],[1,2,3,5],[1,2,4,5],[1,3,4,6],[1,3,5,7],[1,3,6,7],[1,4,5,8],[1,4,6,9],[1,4,8,9],[1,5,7,9],[1,5,8,9],[1,6,7,9],[2,3,4,7],[2,3,5,8],[2,3,6,7],[2,3,6,8],[2,4,5,9],[2,4,6,7],[2,4,6,9],[2,5,6,8],[2,5,6,9],[3,4,6,8],[3,4,7,9],[3,4,8,9],[3,5,7,8],[3,7,8,9],[4,5,7,8],[4,5,7,9],[4,6,7,8],[5,6,8,9],[6,7,8,9]]
