
3402a_1=[[1,2,3,4],[1,2,3,5],[1,2,4,5],[1,3,4,6],[1,3,5,6],[1,4,5,6],[2,3,4,7],[2,3,5,8],[2,3,6,7],[2,3,6,8],[2,4,5,9],[2,4,6,7],[2,4,6,8],[2,4,8,9],[2,5,8,9],[3,4,5,8],[3,4,5,9],[3,4,6,9],[3,4,7,8],[3,5,6,7],[3,5,7,9],[3,6,8,9],[3,7,8,9],[4,5,6,8],[4,6,7,9],[4,7,8,9],[5,6,7,9],[5,6,8,9]]

3402a_2=[[1,2,3,4],[1,2,3,5],[1,2,4,5],[1,3,4,6],[1,3,5,6],[1,4,5,6],[2,3,4,7],[2,3,5,8],[2,3,6,7],[2,3,6,8],[2,4,5,9],[2,4,6,8],[2,4,6,9],[2,4,7,8],[2,5,6,7],[2,5,6,9],[2,5,7,8],[3,4,5,7],[3,4,5,8],[3,4,6,8],[3,5,6,9],[3,5,7,9],[3,6,7,9],[4,5,6,7],[4,5,8,9],[4,6,7,9],[4,7,8,9],[5,7,8,9]]

3402a_3=[[1,2,3,4],[1,2,3,5],[1,2,4,5],[1,3,4,6],[1,3,5,6],[1,4,5,7],[1,4,6,7],[1,5,6,7],[2,3,4,7],[2,3,5,7],[2,4,5,6],[2,4,6,7],[2,5,6,8],[2,5,7,9],[2,5,8,9],[2,6,7,9],[2,6,8,9],[3,4,6,8],[3,4,7,9],[3,4,8,9],[3,5,6,9],[3,5,7,8],[3,5,8,9],[3,6,7,8],[3,6,7,9],[4,5,6,9],[4,5,7,9],[4,6,8,9],[5,6,7,8]]

3402a_4=[[1,2,3,4],[1,2,3,5],[1,2,4,5],[1,3,4,6],[1,3,5,6],[1,4,5,7],[1,4,6,7],[1,5,6,7],[2,3,4,7],[2,3,5,7],[2,4,5,8],[2,4,6,7],[2,4,6,9],[2,4,8,9],[2,5,7,9],[2,5,8,9],[2,6,7,9],[3,4,6,8],[3,4,7,8],[3,5,6,9],[3,5,7,8],[3,5,8,9],[3,6,8,9],[4,5,6,8],[4,5,6,9],[4,5,7,9],[4,7,8,9],[5,6,7,8],[6,7,8,9]]

3402a_5=[[1,2,3,4],[1,2,3,5],[1,2,4,5],[1,3,4,6],[1,3,5,6],[1,4,5,7],[1,4,6,7],[1,5,6,7],[2,3,4,7],[2,3,5,7],[2,4,5,8],[2,4,6,7],[2,4,6,9],[2,4,8,9],[2,5,7,9],[2,5,8,9],[2,6,7,9],[3,4,6,8],[3,4,7,9],[3,4,8,9],[3,5,6,9],[3,5,7,8],[3,5,8,9],[3,6,7,8],[3,6,7,9],[4,5,6,8],[4,5,6,9],[4,5,7,9],[5,6,7,8]]

3402a_6=[[1,2,3,4],[1,2,3,5],[1,2,4,5],[1,3,4,6],[1,3,5,6],[1,4,5,7],[1,4,6,7],[1,5,6,7],[2,3,4,7],[2,3,5,8],[2,3,6,7],[2,3,6,8],[2,4,5,6],[2,4,6,7],[2,5,6,9],[2,5,8,9],[2,6,8,9],[3,4,6,8],[3,4,7,8],[3,5,6,9],[3,5,7,8],[3,5,7,9],[3,6,7,9],[4,5,6,8],[4,5,7,9],[4,5,8,9],[4,7,8,9],[5,6,7,8],[6,7,8,9]]

3402a_7=[[1,2,3,4],[1,2,3,5],[1,2,4,5],[1,3,4,6],[1,3,5,6],[1,4,5,7],[1,4,6,7],[1,5,6,7],[2,3,4,7],[2,3,5,8],[2,3,6,7],[2,3,6,8],[2,4,5,6],[2,4,6,8],[2,4,7,8],[2,5,6,7],[2,5,7,8],[3,4,5,7],[3,4,5,8],[3,4,6,8],[3,5,6,9],[3,5,7,9],[3,6,7,9],[4,5,6,9],[4,5,8,9],[4,6,7,9],[4,7,8,9],[5,7,8,9]]

3402a_8=[[1,2,3,4],[1,2,3,5],[1,2,4,5],[1,3,4,6],[1,3,5,6],[1,4,5,7],[1,4,6,7],[1,5,6,7],[2,3,4,7],[2,3,5,8],[2,3,6,7],[2,3,6,8],[2,4,5,6],[2,4,6,8],[2,4,7,8],[2,5,6,7],[2,5,7,8],[3,4,5,7],[3,4,5,9],[3,4,6,8],[3,4,8,9],[3,5,6,9],[3,5,7,8],[3,6,7,9],[3,7,8,9],[4,5,6,9],[4,6,7,9],[4,7,8,9]]

3402a_9=[[1,2,3,4],[1,2,3,5],[1,2,4,5],[1,3,4,6],[1,3,5,6],[1,4,5,7],[1,4,6,7],[1,5,6,7],[2,3,4,7],[2,3,5,8],[2,3,6,7],[2,3,6,8],[2,4,5,6],[2,4,6,8],[2,4,7,8],[2,5,6,7],[2,5,7,9],[2,5,8,9],[2,7,8,9],[3,4,5,7],[3,4,5,8],[3,4,6,8],[3,5,6,9],[3,5,7,9],[3,6,7,9],[4,5,6,9],[4,5,8,9],[4,6,7,9],[4,7,8,9]]

3402a_10=[[1,2,3,4],[1,2,3,5],[1,2,4,5],[1,3,4,6],[1,3,5,6],[1,4,5,7],[1,4,6,7],[1,5,6,7],[2,3,4,7],[2,3,5,8],[2,3,6,7],[2,3,6,8],[2,4,5,6],[2,4,6,8],[2,4,7,9],[2,4,8,9],[2,5,6,7],[2,5,7,8],[2,7,8,9],[3,4,5,7],[3,4,5,8],[3,4,6,8],[3,5,6,9],[3,5,7,9],[3,6,7,9],[4,5,6,9],[4,5,8,9],[4,6,7,9],[5,7,8,9]]

3402a_11=[[1,2,3,4],[1,2,3,5],[1,2,4,5],[1,3,4,6],[1,3,5,6],[1,4,5,7],[1,4,6,7],[1,5,6,7],[2,3,4,7],[2,3,5,8],[2,3,6,7],[2,3,6,8],[2,4,5,6],[2,4,6,8],[2,4,7,9],[2,4,8,9],[2,5,6,7],[2,5,7,8],[2,7,8,9],[3,4,5,7],[3,4,5,9],[3,4,6,8],[3,4,8,9],[3,5,6,9],[3,5,7,8],[3,6,7,9],[3,7,8,9],[4,5,6,9],[4,6,7,9]]

3402a_12=[[1,2,3,4],[1,2,3,5],[1,2,4,5],[1,3,4,6],[1,3,5,6],[1,4,5,7],[1,4,6,7],[1,5,6,7],[2,3,4,7],[2,3,5,8],[2,3,6,7],[2,3,6,8],[2,4,5,6],[2,4,6,8],[2,4,7,9],[2,4,8,9],[2,5,6,7],[2,5,7,9],[2,5,8,9],[3,4,6,8],[3,4,7,8],[3,5,6,9],[3,5,7,8],[3,5,7,9],[3,6,7,9],[4,5,6,9],[4,5,7,8],[4,5,8,9],[4,6,7,9]]

3402a_13=[[1,2,3,4],[1,2,3,5],[1,2,4,5],[1,3,4,6],[1,3,5,6],[1,4,5,7],[1,4,6,7],[1,5,6,7],[2,3,4,7],[2,3,5,8],[2,3,6,7],[2,3,6,8],[2,4,5,6],[2,4,6,9],[2,4,7,8],[2,4,8,9],[2,5,6,7],[2,5,7,8],[2,6,8,9],[3,4,6,8],[3,4,7,9],[3,4,8,9],[3,5,6,9],[3,5,8,9],[3,6,7,9],[4,5,6,8],[4,5,7,8],[4,6,7,9],[5,6,8,9]]

3402a_14=[[1,2,3,4],[1,2,3,5],[1,2,4,5],[1,3,4,6],[1,3,5,6],[1,4,5,7],[1,4,6,7],[1,5,6,7],[2,3,4,7],[2,3,5,8],[2,3,6,7],[2,3,6,8],[2,4,5,6],[2,4,6,9],[2,4,7,8],[2,4,8,9],[2,5,6,7],[2,5,7,8],[2,6,8,9],[3,4,6,9],[3,4,7,9],[3,5,6,8],[3,6,7,9],[4,5,6,8],[4,5,7,9],[4,5,8,9],[4,6,7,8],[5,7,8,9],[6,7,8,9]]

3402a_15=[[1,2,3,4],[1,2,3,5],[1,2,4,5],[1,3,4,6],[1,3,5,6],[1,4,5,7],[1,4,6,7],[1,5,6,7],[2,3,4,7],[2,3,5,8],[2,3,6,7],[2,3,6,8],[2,4,5,6],[2,4,6,9],[2,4,7,9],[2,5,6,7],[2,5,7,9],[2,5,8,9],[2,6,8,9],[3,4,6,8],[3,4,7,8],[3,5,6,9],[3,5,7,8],[3,5,7,9],[3,6,7,9],[4,5,6,8],[4,5,7,8],[4,6,7,9],[5,6,8,9]]

3402a_16=[[1,2,3,4],[1,2,3,5],[1,2,4,5],[1,3,4,6],[1,3,5,6],[1,4,5,7],[1,4,6,7],[1,5,6,7],[2,3,4,7],[2,3,5,8],[2,3,6,7],[2,3,6,8],[2,4,5,8],[2,4,6,7],[2,4,6,9],[2,4,8,9],[2,6,8,9],[3,4,6,8],[3,4,7,8],[3,5,6,9],[3,5,7,8],[3,5,7,9],[3,6,7,9],[4,5,6,8],[4,5,6,9],[4,5,7,9],[4,7,8,9],[5,6,7,8],[6,7,8,9]]

3402a_17=[[1,2,3,4],[1,2,3,5],[1,2,4,5],[1,3,4,6],[1,3,5,6],[1,4,5,7],[1,4,6,7],[1,5,6,7],[2,3,4,7],[2,3,5,8],[2,3,6,7],[2,3,6,8],[2,4,5,8],[2,4,6,7],[2,4,6,9],[2,4,8,9],[2,6,8,9],[3,4,6,8],[3,4,7,9],[3,4,8,9],[3,5,6,9],[3,5,8,9],[3,6,7,9],[4,5,6,8],[4,5,6,9],[4,5,7,9],[5,6,7,8],[5,7,8,9],[6,7,8,9]]

3402a_18=[[1,2,3,4],[1,2,3,5],[1,2,4,5],[1,3,4,6],[1,3,5,6],[1,4,5,7],[1,4,6,7],[1,5,6,7],[2,3,4,7],[2,3,5,8],[2,3,6,7],[2,3,6,8],[2,4,5,8],[2,4,7,9],[2,4,8,9],[2,6,7,8],[2,7,8,9],[3,4,5,7],[3,4,5,9],[3,4,6,8],[3,4,8,9],[3,5,6,9],[3,5,7,8],[3,6,7,9],[3,7,8,9],[4,5,6,8],[4,5,6,9],[4,6,7,9],[5,6,7,8]]

3402a_19=[[1,2,3,4],[1,2,3,5],[1,2,4,5],[1,3,4,6],[1,3,5,6],[1,4,5,7],[1,4,6,7],[1,5,6,7],[2,3,4,7],[2,3,5,8],[2,3,6,8],[2,3,6,9],[2,3,7,9],[2,4,5,6],[2,4,6,7],[2,5,6,9],[2,5,8,9],[2,6,7,8],[2,7,8,9],[3,4,5,7],[3,4,5,9],[3,4,6,8],[3,4,8,9],[3,5,6,9],[3,5,7,8],[3,7,8,9],[4,5,6,8],[4,5,8,9],[5,6,7,8]]

3402a_20=[[1,2,3,4],[1,2,3,5],[1,2,4,5],[1,3,4,6],[1,3,5,6],[1,4,5,7],[1,4,6,7],[1,5,6,7],[2,3,4,7],[2,3,5,8],[2,3,6,8],[2,3,6,9],[2,3,7,9],[2,4,5,6],[2,4,6,8],[2,4,7,8],[2,5,6,7],[2,5,7,8],[2,6,7,9],[3,4,5,7],[3,4,5,8],[3,4,6,8],[3,5,6,9],[3,5,7,9],[4,5,6,9],[4,5,8,9],[4,6,7,9],[4,7,8,9],[5,7,8,9]]

3402a_21=[[1,2,3,4],[1,2,3,5],[1,2,4,5],[1,3,4,6],[1,3,5,6],[1,4,5,7],[1,4,6,7],[1,5,6,7],[2,3,4,7],[2,3,5,8],[2,3,6,8],[2,3,6,9],[2,3,7,9],[2,4,5,6],[2,4,6,8],[2,4,7,8],[2,5,6,7],[2,5,7,8],[2,6,7,9],[3,4,5,7],[3,4,5,9],[3,4,6,8],[3,4,8,9],[3,5,6,9],[3,5,7,8],[3,7,8,9],[4,5,6,9],[4,6,7,9],[4,7,8,9]]

3402a_22=[[1,2,3,4],[1,2,3,5],[1,2,4,5],[1,3,4,6],[1,3,5,6],[1,4,5,7],[1,4,6,7],[1,5,6,7],[2,3,4,7],[2,3,5,8],[2,3,6,8],[2,3,6,9],[2,3,7,9],[2,4,5,8],[2,4,6,7],[2,4,6,9],[2,4,8,9],[2,6,7,8],[2,7,8,9],[3,4,5,7],[3,4,5,9],[3,4,6,8],[3,4,8,9],[3,5,6,9],[3,5,7,8],[3,7,8,9],[4,5,6,8],[4,5,6,9],[5,6,7,8]]

3402a_23=[[1,2,3,4],[1,2,3,5],[1,2,4,5],[1,3,4,6],[1,3,5,6],[1,4,5,7],[1,4,6,7],[1,5,6,7],[2,3,4,7],[2,3,5,8],[2,3,6,8],[2,3,6,9],[2,3,7,9],[2,4,5,8],[2,4,7,8],[2,6,7,8],[2,6,7,9],[3,4,5,7],[3,4,5,9],[3,4,6,8],[3,4,8,9],[3,5,6,9],[3,5,7,8],[3,7,8,9],[4,5,6,8],[4,5,6,9],[4,6,7,9],[4,7,8,9],[5,6,7,8]]

3402a_24=[[1,2,3,4],[1,2,3,5],[1,2,4,5],[1,3,4,6],[1,3,5,6],[1,4,5,7],[1,4,6,7],[1,5,6,7],[2,3,4,7],[2,3,5,8],[2,3,6,8],[2,3,6,9],[2,3,7,9],[2,4,5,8],[2,4,7,9],[2,4,8,9],[2,6,8,9],[3,4,5,7],[3,4,5,9],[3,4,6,8],[3,4,8,9],[3,5,6,9],[3,5,7,8],[3,7,8,9],[4,5,6,8],[4,5,6,9],[4,6,7,9],[5,6,7,8],[6,7,8,9]]

3402a_25=[[1,2,3,4],[1,2,3,5],[1,2,4,5],[1,3,4,6],[1,3,5,6],[1,4,5,7],[1,4,6,7],[1,5,6,7],[2,3,4,7],[2,3,5,8],[2,3,6,8],[2,3,6,9],[2,3,7,9],[2,4,5,9],[2,4,6,8],[2,4,6,9],[2,4,7,8],[2,5,7,8],[2,5,7,9],[3,4,5,7],[3,4,5,9],[3,4,6,8],[3,4,8,9],[3,5,6,9],[3,5,7,8],[3,7,8,9],[4,6,7,9],[4,7,8,9],[5,6,7,9]]

3402a_26=[[1,2,3,4],[1,2,3,5],[1,2,4,5],[1,3,4,6],[1,3,5,6],[1,4,5,7],[1,4,6,7],[1,5,6,7],[2,3,4,7],[2,3,5,8],[2,3,7,8],[2,4,5,6],[2,4,6,8],[2,4,7,9],[2,4,8,9],[2,5,6,8],[2,7,8,9],[3,4,5,7],[3,4,5,8],[3,4,6,8],[3,5,6,9],[3,5,7,9],[3,6,7,8],[3,6,7,9],[4,5,6,9],[4,5,8,9],[4,6,7,9],[5,6,7,8],[5,7,8,9]]

3402a_27=[[1,2,3,4],[1,2,3,5],[1,2,4,5],[1,3,4,6],[1,3,5,6],[1,4,5,7],[1,4,6,7],[1,5,6,7],[2,3,4,7],[2,3,5,8],[2,3,7,8],[2,4,5,9],[2,4,6,8],[2,4,6,9],[2,4,7,8],[2,5,6,8],[2,5,6,9],[3,4,5,7],[3,4,5,8],[3,4,6,8],[3,5,6,9],[3,5,7,9],[3,6,7,8],[3,6,7,9],[4,5,8,9],[4,6,7,9],[4,7,8,9],[5,6,7,8],[5,7,8,9]]

3402a_28=[[1,2,3,4],[1,2,3,5],[1,2,4,5],[1,3,4,6],[1,3,5,6],[1,4,5,7],[1,4,6,7],[1,5,6,7],[2,3,4,7],[2,3,5,8],[2,3,7,9],[2,3,8,9],[2,4,5,6],[2,4,6,8],[2,4,7,9],[2,4,8,9],[2,5,6,8],[3,4,5,7],[3,4,5,8],[3,4,6,8],[3,5,6,9],[3,5,7,9],[3,6,8,9],[4,5,6,9],[4,5,8,9],[4,6,7,9],[5,6,7,8],[5,7,8,9],[6,7,8,9]]

3402a_29=[[1,2,3,4],[1,2,3,5],[1,2,4,5],[1,3,4,6],[1,3,5,6],[1,4,5,7],[1,4,6,7],[1,5,6,7],[2,3,4,8],[2,3,5,9],[2,3,8,9],[2,4,5,6],[2,4,6,8],[2,5,6,8],[2,5,8,9],[3,4,5,7],[3,4,5,8],[3,4,6,9],[3,4,7,9],[3,5,6,8],[3,5,7,9],[3,6,8,9],[4,5,6,9],[4,5,8,9],[4,6,7,8],[4,7,8,9],[5,6,7,9],[6,7,8,9]]

3402a_30=[[1,2,3,4],[1,2,3,5],[1,2,4,5],[1,3,4,6],[1,3,5,6],[1,4,5,7],[1,4,6,7],[1,5,6,8],[1,5,7,8],[1,6,7,8],[2,3,4,6],[2,3,5,8],[2,3,6,9],[2,3,7,8],[2,3,7,9],[2,4,5,7],[2,4,6,8],[2,4,7,8],[2,5,6,7],[2,5,6,8],[2,6,7,9],[3,5,6,7],[3,5,7,9],[3,5,8,9],[3,6,7,8],[3,6,8,9],[4,6,7,9],[4,6,8,9],[4,7,8,9],[5,7,8,9]]

3402a_31=[[1,2,3,4],[1,2,3,5],[1,2,4,5],[1,3,4,6],[1,3,5,6],[1,4,5,7],[1,4,6,7],[1,5,6,8],[1,5,7,8],[1,6,7,8],[2,3,4,6],[2,3,5,9],[2,3,6,8],[2,3,7,8],[2,3,7,9],[2,4,5,8],[2,4,6,7],[2,4,7,8],[2,5,6,7],[2,5,6,8],[2,5,7,9],[3,5,6,7],[3,5,7,8],[3,5,8,9],[3,6,7,9],[3,6,8,9],[4,5,7,9],[4,5,8,9],[4,7,8,9],[6,7,8,9]]

3402a_32=[[1,2,3,4],[1,2,3,5],[1,2,4,5],[1,3,4,6],[1,3,5,6],[1,4,5,7],[1,4,6,7],[1,5,6,8],[1,5,7,8],[1,6,7,8],[2,3,4,7],[2,3,5,6],[2,3,6,8],[2,3,7,8],[2,4,5,8],[2,4,6,7],[2,4,6,9],[2,4,8,9],[2,5,6,7],[2,5,7,8],[2,6,8,9],[3,4,6,8],[3,4,7,9],[3,4,8,9],[3,7,8,9],[4,5,6,8],[4,5,6,9],[4,5,7,9],[5,6,7,9],[6,7,8,9]]

3402a_33=[[1,2,3,4],[1,2,3,5],[1,2,4,5],[1,3,4,6],[1,3,5,6],[1,4,5,7],[1,4,6,7],[1,5,6,8],[1,5,7,8],[1,6,7,8],[2,3,4,7],[2,3,5,6],[2,3,6,9],[2,3,7,8],[2,3,8,9],[2,4,5,8],[2,4,6,7],[2,4,6,9],[2,4,8,9],[2,5,6,7],[2,5,7,8],[3,4,6,8],[3,4,7,8],[3,6,8,9],[4,5,6,8],[4,5,6,9],[4,5,7,9],[4,7,8,9],[5,6,7,9],[6,7,8,9]]

3402a_34=[[1,2,3,4],[1,2,3,5],[1,2,4,5],[1,3,4,6],[1,3,5,6],[1,4,5,7],[1,4,6,7],[1,5,6,8],[1,5,7,8],[1,6,7,8],[2,3,4,7],[2,3,5,6],[2,3,6,9],[2,3,7,8],[2,3,8,9],[2,4,5,8],[2,4,6,7],[2,4,6,9],[2,4,8,9],[2,5,6,7],[2,5,7,8],[3,4,6,8],[3,4,7,9],[3,4,8,9],[3,6,7,8],[3,6,7,9],[4,5,6,8],[4,5,6,9],[4,5,7,9],[5,6,7,9]]

3402a_35=[[1,2,3,4],[1,2,3,5],[1,2,4,5],[1,3,4,6],[1,3,5,6],[1,4,5,7],[1,4,6,7],[1,5,6,8],[1,5,7,8],[1,6,7,8],[2,3,4,7],[2,3,5,6],[2,3,6,9],[2,3,7,9],[2,4,5,8],[2,4,6,7],[2,4,6,8],[2,5,6,7],[2,5,7,8],[2,6,8,9],[2,7,8,9],[3,4,6,8],[3,4,7,8],[3,6,7,8],[3,6,7,9],[4,5,7,9],[4,5,8,9],[4,7,8,9],[5,6,7,9],[5,6,8,9]]

3402a_36=[[1,2,3,4],[1,2,3,5],[1,2,4,5],[1,3,4,6],[1,3,5,6],[1,4,5,7],[1,4,6,7],[1,5,6,8],[1,5,7,8],[1,6,7,8],[2,3,4,7],[2,3,5,6],[2,3,6,9],[2,3,7,9],[2,4,5,8],[2,4,6,7],[2,4,6,9],[2,4,8,9],[2,5,6,7],[2,5,7,8],[2,7,8,9],[3,4,6,8],[3,4,7,9],[3,4,8,9],[3,6,8,9],[4,5,6,8],[4,5,6,9],[4,5,7,9],[5,6,7,9],[6,7,8,9]]

3402a_37=[[1,2,3,4],[1,2,3,5],[1,2,4,5],[1,3,4,6],[1,3,5,6],[1,4,5,7],[1,4,6,7],[1,5,6,8],[1,5,7,8],[1,6,7,8],[2,3,4,7],[2,3,5,6],[2,3,6,9],[2,3,7,9],[2,4,5,9],[2,4,6,7],[2,4,6,9],[2,5,6,7],[2,5,7,8],[2,5,8,9],[2,7,8,9],[3,4,6,8],[3,4,7,8],[3,6,7,8],[3,6,7,9],[4,5,7,9],[4,6,8,9],[4,7,8,9],[5,6,7,9],[5,6,8,9]]

3402a_38=[[1,2,3,4],[1,2,3,5],[1,2,4,5],[1,3,4,6],[1,3,5,6],[1,4,5,7],[1,4,6,7],[1,5,6,8],[1,5,7,8],[1,6,7,8],[2,3,4,7],[2,3,5,7],[2,4,5,6],[2,4,6,7],[2,5,6,8],[2,5,7,9],[2,5,8,9],[2,6,7,9],[2,6,8,9],[3,4,6,8],[3,4,7,9],[3,4,8,9],[3,5,6,9],[3,5,7,8],[3,5,8,9],[3,6,7,8],[3,6,7,9],[4,5,6,9],[4,5,7,9],[4,6,8,9]]

3402a_39=[[1,2,3,4],[1,2,3,5],[1,2,4,5],[1,3,4,6],[1,3,5,6],[1,4,5,7],[1,4,6,7],[1,5,6,8],[1,5,7,8],[1,6,7,8],[2,3,4,7],[2,3,5,7],[2,4,5,8],[2,4,6,7],[2,4,6,9],[2,4,8,9],[2,5,7,9],[2,5,8,9],[2,6,7,9],[3,4,6,8],[3,4,7,8],[3,5,6,9],[3,5,7,8],[3,5,8,9],[3,6,8,9],[4,5,6,8],[4,5,6,9],[4,5,7,9],[4,7,8,9],[6,7,8,9]]

3402a_40=[[1,2,3,4],[1,2,3,5],[1,2,4,5],[1,3,4,6],[1,3,5,6],[1,4,5,7],[1,4,6,7],[1,5,6,8],[1,5,7,8],[1,6,7,8],[2,3,4,7],[2,3,5,8],[2,3,6,7],[2,3,6,8],[2,4,5,6],[2,4,6,7],[2,5,6,9],[2,5,8,9],[2,6,8,9],[3,4,6,8],[3,4,7,8],[3,5,6,9],[3,5,7,8],[3,5,7,9],[3,6,7,9],[4,5,6,8],[4,5,7,9],[4,5,8,9],[4,7,8,9],[6,7,8,9]]

3402a_41=[[1,2,3,4],[1,2,3,5],[1,2,4,5],[1,3,4,6],[1,3,5,6],[1,4,5,7],[1,4,6,7],[1,5,6,8],[1,5,7,8],[1,6,7,8],[2,3,4,7],[2,3,5,8],[2,3,6,7],[2,3,6,8],[2,4,5,6],[2,4,6,7],[2,5,6,9],[2,5,8,9],[2,6,8,9],[3,4,6,8],[3,4,7,9],[3,4,8,9],[3,5,6,7],[3,5,7,8],[3,7,8,9],[4,5,6,8],[4,5,7,9],[4,5,8,9],[5,6,7,9],[6,7,8,9]]

3402a_42=[[1,2,3,4],[1,2,3,5],[1,2,4,5],[1,3,4,6],[1,3,5,6],[1,4,5,7],[1,4,6,7],[1,5,6,8],[1,5,7,8],[1,6,7,8],[2,3,4,7],[2,3,5,8],[2,3,6,7],[2,3,6,8],[2,4,5,8],[2,4,6,7],[2,4,6,9],[2,4,8,9],[2,6,8,9],[3,4,6,8],[3,4,7,8],[3,5,6,9],[3,5,7,8],[3,5,7,9],[3,6,7,9],[4,5,6,8],[4,5,6,9],[4,5,7,9],[4,7,8,9],[6,7,8,9]]

3402a_43=[[1,2,3,4],[1,2,3,5],[1,2,4,5],[1,3,4,6],[1,3,5,6],[1,4,5,7],[1,4,6,7],[1,5,6,8],[1,5,7,8],[1,6,7,8],[2,3,4,7],[2,3,5,8],[2,3,6,7],[2,3,6,8],[2,4,5,8],[2,4,6,7],[2,4,6,9],[2,4,8,9],[2,6,8,9],[3,4,6,8],[3,4,7,9],[3,4,8,9],[3,5,6,7],[3,5,7,8],[3,7,8,9],[4,5,6,8],[4,5,6,9],[4,5,7,9],[5,6,7,9],[6,7,8,9]]

3402a_44=[[1,2,3,4],[1,2,3,5],[1,2,4,5],[1,3,4,6],[1,3,5,6],[1,4,5,7],[1,4,6,7],[1,5,6,8],[1,5,7,8],[1,6,7,8],[2,3,4,7],[2,3,5,8],[2,3,6,7],[2,3,6,8],[2,4,5,8],[2,4,6,7],[2,4,6,9],[2,4,8,9],[2,6,8,9],[3,4,6,8],[3,4,7,9],[3,4,8,9],[3,5,6,9],[3,5,8,9],[3,6,7,9],[4,5,6,8],[4,5,6,9],[4,5,7,9],[5,7,8,9],[6,7,8,9]]

3402a_45=[[1,2,3,4],[1,2,3,5],[1,2,4,5],[1,3,4,6],[1,3,5,6],[1,4,5,7],[1,4,6,7],[1,5,6,8],[1,5,7,8],[1,6,7,8],[2,3,4,7],[2,3,5,8],[2,3,6,7],[2,3,6,8],[2,4,5,8],[2,4,7,9],[2,4,8,9],[2,6,7,8],[2,7,8,9],[3,4,5,7],[3,4,5,9],[3,4,6,8],[3,4,8,9],[3,5,6,7],[3,5,8,9],[4,5,6,8],[4,5,6,9],[4,6,7,9],[5,6,7,9],[5,7,8,9]]

3402a_46=[[1,2,3,4],[1,2,3,5],[1,2,4,5],[1,3,4,6],[1,3,5,6],[1,4,5,7],[1,4,6,7],[1,5,6,8],[1,5,7,8],[1,6,7,8],[2,3,4,7],[2,3,5,8],[2,3,6,7],[2,3,6,9],[2,3,8,9],[2,4,5,6],[2,4,6,7],[2,5,6,9],[2,5,8,9],[3,4,6,9],[3,4,7,9],[3,5,6,7],[3,5,7,8],[3,7,8,9],[4,5,6,8],[4,5,7,9],[4,5,8,9],[4,6,8,9],[5,6,7,9],[6,7,8,9]]

3402a_47=[[1,2,3,4],[1,2,3,5],[1,2,4,5],[1,3,4,6],[1,3,5,6],[1,4,5,7],[1,4,6,7],[1,5,6,8],[1,5,7,8],[1,6,7,8],[2,3,4,7],[2,3,5,8],[2,3,6,7],[2,3,6,9],[2,3,8,9],[2,4,5,8],[2,4,6,7],[2,4,6,9],[2,4,8,9],[3,4,6,8],[3,4,7,8],[3,5,6,7],[3,5,7,8],[3,6,8,9],[4,5,6,8],[4,5,6,9],[4,5,7,9],[4,7,8,9],[5,6,7,9],[6,7,8,9]]

3402a_48=[[1,2,3,4],[1,2,3,5],[1,2,4,5],[1,3,4,6],[1,3,5,6],[1,4,5,7],[1,4,6,7],[1,5,6,8],[1,5,7,8],[1,6,7,8],[2,3,4,7],[2,3,5,8],[2,3,6,7],[2,3,6,9],[2,3,8,9],[2,4,5,9],[2,4,6,7],[2,4,6,8],[2,4,8,9],[2,5,6,8],[2,5,6,9],[3,4,5,7],[3,4,5,8],[3,4,6,8],[3,5,6,9],[3,5,7,9],[3,6,7,8],[3,7,8,9],[4,5,8,9],[5,7,8,9]]

3402a_49=[[1,2,3,4],[1,2,3,5],[1,2,4,5],[1,3,4,6],[1,3,5,6],[1,4,5,7],[1,4,6,7],[1,5,6,8],[1,5,7,8],[1,6,7,8],[2,3,4,7],[2,3,5,8],[2,3,6,8],[2,3,6,9],[2,3,7,9],[2,4,5,6],[2,4,6,7],[2,5,6,9],[2,5,8,9],[2,6,7,8],[2,7,8,9],[3,4,5,7],[3,4,5,9],[3,4,6,8],[3,4,8,9],[3,5,6,9],[3,5,7,8],[3,7,8,9],[4,5,6,8],[4,5,8,9]]

3402a_50=[[1,2,3,4],[1,2,3,5],[1,2,4,5],[1,3,4,6],[1,3,5,6],[1,4,5,7],[1,4,6,7],[1,5,6,8],[1,5,7,8],[1,6,7,8],[2,3,4,7],[2,3,5,8],[2,3,6,8],[2,3,6,9],[2,3,7,9],[2,4,5,7],[2,5,6,7],[2,5,6,9],[2,5,8,9],[2,6,7,8],[2,7,8,9],[3,4,6,8],[3,4,7,8],[3,5,6,7],[3,5,7,8],[3,6,7,9],[4,6,7,9],[4,6,8,9],[4,7,8,9],[5,6,8,9]]

3402a_51=[[1,2,3,4],[1,2,3,5],[1,2,4,5],[1,3,4,6],[1,3,5,6],[1,4,5,7],[1,4,6,7],[1,5,6,8],[1,5,7,8],[1,6,7,8],[2,3,4,7],[2,3,5,8],[2,3,6,8],[2,3,6,9],[2,3,7,9],[2,4,5,8],[2,4,6,7],[2,4,6,9],[2,4,8,9],[2,6,7,8],[2,7,8,9],[3,4,5,7],[3,4,5,9],[3,4,6,8],[3,4,8,9],[3,5,6,9],[3,5,7,8],[3,7,8,9],[4,5,6,8],[4,5,6,9]]

3402a_52=[[1,2,3,4],[1,2,3,5],[1,2,4,5],[1,3,4,6],[1,3,5,6],[1,4,5,7],[1,4,6,7],[1,5,6,8],[1,5,7,8],[1,6,7,8],[2,3,4,7],[2,3,5,8],[2,3,6,8],[2,3,6,9],[2,3,7,9],[2,4,5,8],[2,4,7,8],[2,6,7,8],[2,6,7,9],[3,4,5,7],[3,4,5,9],[3,4,6,8],[3,4,8,9],[3,5,6,9],[3,5,7,8],[3,7,8,9],[4,5,6,8],[4,5,6,9],[4,6,7,9],[4,7,8,9]]

3402a_53=[[1,2,3,4],[1,2,3,5],[1,2,4,5],[1,3,4,6],[1,3,5,6],[1,4,5,7],[1,4,6,7],[1,5,6,8],[1,5,7,8],[1,6,7,8],[2,3,4,7],[2,3,5,8],[2,3,6,8],[2,3,6,9],[2,3,7,9],[2,4,5,8],[2,4,7,9],[2,4,8,9],[2,6,8,9],[3,4,5,7],[3,4,5,9],[3,4,6,8],[3,4,8,9],[3,5,6,9],[3,5,7,8],[3,7,8,9],[4,5,6,8],[4,5,6,9],[4,6,7,9],[6,7,8,9]]

3402a_54=[[1,2,3,4],[1,2,3,5],[1,2,4,5],[1,3,4,6],[1,3,5,6],[1,4,5,7],[1,4,6,7],[1,5,6,8],[1,5,7,8],[1,6,7,8],[2,3,4,7],[2,3,5,8],[2,3,6,8],[2,3,6,9],[2,3,7,9],[2,4,5,9],[2,4,6,7],[2,4,6,9],[2,5,6,7],[2,5,6,8],[2,5,7,9],[3,4,5,7],[3,4,5,8],[3,4,6,8],[3,5,6,7],[3,6,7,9],[4,5,8,9],[4,6,8,9],[5,7,8,9],[6,7,8,9]]

3402a_55=[[1,2,3,4],[1,2,3,5],[1,2,4,5],[1,3,4,6],[1,3,5,6],[1,4,5,7],[1,4,6,7],[1,5,6,8],[1,5,7,8],[1,6,7,8],[2,3,4,7],[2,3,5,8],[2,3,6,8],[2,3,6,9],[2,3,7,9],[2,4,5,9],[2,4,6,7],[2,4,6,9],[2,5,6,7],[2,5,6,8],[2,5,7,9],[3,4,5,7],[3,4,5,8],[3,4,6,9],[3,4,8,9],[3,5,6,7],[3,6,7,8],[3,7,8,9],[4,5,8,9],[5,7,8,9]]

3402a_56=[[1,2,3,4],[1,2,3,5],[1,2,4,5],[1,3,4,6],[1,3,5,6],[1,4,5,7],[1,4,6,7],[1,5,6,8],[1,5,7,8],[1,6,7,8],[2,3,4,7],[2,3,5,8],[2,3,6,8],[2,3,6,9],[2,3,7,9],[2,4,5,9],[2,4,6,7],[2,4,6,9],[2,5,6,7],[2,5,6,8],[2,5,7,9],[3,4,5,7],[3,4,5,9],[3,4,6,9],[3,5,6,7],[3,5,8,9],[3,6,7,8],[3,7,8,9],[5,7,8,9]]

3402a_57=[[1,2,3,4],[1,2,3,5],[1,2,4,5],[1,3,4,6],[1,3,5,6],[1,4,5,7],[1,4,6,7],[1,5,6,8],[1,5,7,8],[1,6,7,8],[2,3,4,7],[2,3,5,8],[2,3,6,8],[2,3,6,9],[2,3,7,9],[2,4,5,9],[2,4,6,7],[2,4,6,9],[2,5,6,7],[2,5,6,8],[2,5,7,9],[3,4,6,8],[3,4,7,8],[3,5,6,7],[3,5,7,8],[3,6,7,9],[4,5,7,9],[4,6,8,9],[4,7,8,9],[6,7,8,9]]

3402a_58=[[1,2,3,4],[1,2,3,5],[1,2,4,5],[1,3,4,6],[1,3,5,6],[1,4,5,7],[1,4,6,7],[1,5,6,8],[1,5,7,8],[1,6,7,8],[2,3,4,7],[2,3,5,8],[2,3,6,8],[2,3,6,9],[2,3,7,9],[2,4,5,9],[2,4,7,9],[2,5,6,8],[2,5,6,9],[3,4,5,7],[3,4,5,8],[3,4,6,9],[3,4,8,9],[3,5,6,7],[3,6,7,8],[3,7,8,9],[4,5,8,9],[4,6,7,9],[5,6,7,9],[5,7,8,9]]

3402a_59=[[1,2,3,4],[1,2,3,5],[1,2,4,5],[1,3,4,6],[1,3,5,6],[1,4,5,7],[1,4,6,7],[1,5,6,8],[1,5,7,8],[1,6,7,8],[2,3,4,7],[2,3,5,8],[2,3,6,8],[2,3,6,9],[2,3,7,9],[2,4,5,9],[2,4,7,9],[2,5,6,8],[2,5,6,9],[3,4,5,7],[3,4,5,9],[3,4,6,9],[3,5,6,7],[3,5,8,9],[3,6,7,8],[3,7,8,9],[4,6,7,9],[5,6,7,9],[5,7,8,9]]

3402a_60=[[1,2,3,4],[1,2,3,5],[1,2,4,5],[1,3,4,6],[1,3,5,6],[1,4,5,7],[1,4,6,7],[1,5,6,8],[1,5,7,8],[1,6,7,8],[2,3,4,7],[2,3,5,8],[2,3,7,8],[2,4,5,6],[2,4,6,7],[2,5,6,8],[2,6,7,9],[2,6,8,9],[2,7,8,9],[3,4,5,7],[3,4,5,8],[3,4,6,8],[3,5,6,9],[3,5,7,9],[3,6,7,8],[3,6,7,9],[4,5,6,9],[4,5,8,9],[4,6,8,9],[5,7,8,9]]

3402a_61=[[1,2,3,4],[1,2,3,5],[1,2,4,5],[1,3,4,6],[1,3,5,6],[1,4,5,7],[1,4,6,7],[1,5,6,8],[1,5,7,8],[1,6,7,8],[2,3,4,7],[2,3,5,8],[2,3,7,8],[2,4,5,6],[2,4,6,7],[2,5,6,8],[2,6,7,9],[2,6,8,9],[2,7,8,9],[3,4,5,7],[3,4,5,8],[3,4,6,9],[3,4,8,9],[3,5,6,7],[3,6,7,8],[3,6,8,9],[4,5,6,9],[4,5,8,9],[5,6,7,9],[5,7,8,9]]

3402a_62=[[1,2,3,4],[1,2,3,5],[1,2,4,5],[1,3,4,6],[1,3,5,6],[1,4,5,7],[1,4,6,7],[1,5,6,8],[1,5,7,8],[1,6,7,8],[2,3,4,7],[2,3,5,8],[2,3,7,8],[2,4,5,6],[2,4,6,7],[2,5,6,8],[2,6,7,9],[2,6,8,9],[2,7,8,9],[3,4,5,7],[3,4,5,9],[3,4,6,9],[3,5,6,7],[3,5,8,9],[3,6,7,8],[3,6,8,9],[4,5,6,9],[5,6,7,9],[5,7,8,9]]

3402a_63=[[1,2,3,4],[1,2,3,5],[1,2,4,5],[1,3,4,6],[1,3,5,6],[1,4,5,7],[1,4,6,7],[1,5,6,8],[1,5,7,8],[1,6,7,8],[2,3,4,7],[2,3,5,8],[2,3,7,8],[2,4,5,6],[2,4,6,8],[2,4,7,9],[2,4,8,9],[2,5,6,8],[2,7,8,9],[3,4,5,7],[3,4,5,9],[3,4,6,8],[3,4,8,9],[3,5,6,7],[3,5,8,9],[3,6,7,8],[4,5,6,9],[4,6,7,9],[5,6,7,9],[5,7,8,9]]

3402a_64=[[1,2,3,4],[1,2,3,5],[1,2,4,5],[1,3,4,6],[1,3,5,6],[1,4,5,7],[1,4,6,7],[1,5,6,8],[1,5,7,8],[1,6,7,8],[2,3,4,7],[2,3,5,8],[2,3,7,8],[2,4,5,8],[2,4,6,7],[2,4,6,8],[2,6,7,9],[2,6,8,9],[2,7,8,9],[3,4,5,7],[3,4,5,9],[3,4,6,9],[3,5,6,7],[3,5,8,9],[3,6,7,8],[3,6,8,9],[4,5,6,8],[4,5,6,9],[5,6,7,9],[5,7,8,9]]

3402a_65=[[1,2,3,4],[1,2,3,5],[1,2,4,5],[1,3,4,6],[1,3,5,6],[1,4,5,7],[1,4,6,7],[1,5,6,8],[1,5,7,8],[1,6,7,8],[2,3,4,7],[2,3,5,8],[2,3,7,8],[2,4,5,8],[2,4,6,7],[2,4,6,9],[2,4,8,9],[2,6,7,9],[2,7,8,9],[3,4,5,7],[3,4,5,9],[3,4,6,8],[3,4,8,9],[3,5,6,7],[3,5,8,9],[3,6,7,8],[4,5,6,8],[4,5,6,9],[5,6,7,9],[5,7,8,9]]

3402a_66=[[1,2,3,4],[1,2,3,5],[1,2,4,5],[1,3,4,6],[1,3,5,6],[1,4,5,7],[1,4,6,7],[1,5,6,8],[1,5,7,8],[1,6,7,8],[2,3,4,7],[2,3,5,8],[2,3,7,8],[2,4,5,8],[2,4,7,9],[2,4,8,9],[2,7,8,9],[3,4,5,7],[3,4,5,9],[3,4,6,8],[3,4,8,9],[3,5,6,7],[3,5,8,9],[3,6,7,8],[4,5,6,8],[4,5,6,9],[4,6,7,9],[5,6,7,9],[5,7,8,9]]

3402a_67=[[1,2,3,4],[1,2,3,5],[1,2,4,5],[1,3,4,6],[1,3,5,6],[1,4,5,7],[1,4,6,7],[1,5,6,8],[1,5,7,8],[1,6,7,8],[2,3,4,7],[2,3,5,8],[2,3,7,8],[2,4,5,9],[2,4,6,8],[2,4,6,9],[2,4,7,8],[2,5,6,8],[2,5,6,9],[3,4,5,7],[3,4,5,8],[3,4,6,8],[3,5,6,9],[3,5,7,9],[3,6,7,8],[3,6,7,9],[4,5,8,9],[4,6,7,9],[4,7,8,9],[5,7,8,9]]

3402a_68=[[1,2,3,4],[1,2,3,5],[1,2,4,5],[1,3,4,6],[1,3,5,6],[1,4,5,7],[1,4,6,7],[1,5,6,8],[1,5,7,8],[1,6,7,8],[2,3,4,7],[2,3,5,8],[2,3,7,8],[2,4,5,9],[2,4,6,8],[2,4,6,9],[2,4,7,8],[2,5,6,8],[2,5,6,9],[3,4,5,7],[3,4,5,9],[3,4,6,8],[3,4,8,9],[3,5,6,7],[3,5,8,9],[3,6,7,8],[4,6,7,9],[4,7,8,9],[5,6,7,9],[5,7,8,9]]

3402a_69=[[1,2,3,4],[1,2,3,5],[1,2,4,5],[1,3,4,6],[1,3,5,6],[1,4,5,7],[1,4,6,7],[1,5,6,8],[1,5,7,8],[1,6,7,8],[2,3,4,7],[2,3,5,8],[2,3,7,9],[2,3,8,9],[2,4,5,6],[2,4,6,7],[2,5,6,7],[2,5,7,9],[2,5,8,9],[3,4,6,8],[3,4,7,8],[3,5,6,7],[3,5,7,8],[3,6,7,9],[3,6,8,9],[4,5,6,8],[4,5,7,9],[4,5,8,9],[4,7,8,9],[6,7,8,9]]

3402a_70=[[1,2,3,4],[1,2,3,5],[1,2,4,5],[1,3,4,6],[1,3,5,6],[1,4,5,7],[1,4,6,7],[1,5,6,8],[1,5,7,8],[1,6,7,8],[2,3,4,7],[2,3,5,8],[2,3,7,9],[2,3,8,9],[2,4,5,6],[2,4,6,7],[2,5,6,7],[2,5,7,9],[2,5,8,9],[3,4,6,9],[3,4,7,8],[3,4,8,9],[3,5,6,7],[3,5,7,8],[3,6,7,9],[4,5,6,9],[4,5,7,9],[4,7,8,9],[5,6,8,9],[6,7,8,9]]

3402a_71=[[1,2,3,4],[1,2,3,5],[1,2,4,5],[1,3,4,6],[1,3,5,6],[1,4,5,7],[1,4,6,7],[1,5,6,8],[1,5,7,8],[1,6,7,8],[2,3,4,7],[2,3,5,8],[2,3,7,9],[2,3,8,9],[2,4,5,6],[2,4,6,8],[2,4,7,9],[2,4,8,9],[2,5,6,8],[3,4,5,7],[3,4,5,8],[3,4,6,8],[3,5,6,9],[3,5,7,9],[3,6,8,9],[4,5,6,9],[4,5,8,9],[4,6,7,9],[5,7,8,9],[6,7,8,9]]

3402a_72=[[1,2,3,4],[1,2,3,5],[1,2,4,5],[1,3,4,6],[1,3,5,6],[1,4,5,7],[1,4,6,7],[1,5,6,8],[1,5,7,8],[1,6,7,8],[2,3,4,7],[2,3,5,9],[2,3,6,7],[2,3,6,8],[2,3,8,9],[2,4,5,6],[2,4,6,7],[2,5,6,9],[2,6,8,9],[3,4,6,8],[3,4,7,8],[3,5,6,7],[3,5,7,8],[3,5,8,9],[4,5,6,8],[4,5,7,9],[4,5,8,9],[4,7,8,9],[5,6,7,9],[6,7,8,9]]

3402a_73=[[1,2,3,4],[1,2,3,5],[1,2,4,5],[1,3,4,6],[1,3,5,6],[1,4,5,7],[1,4,6,7],[1,5,6,8],[1,5,7,8],[1,6,7,8],[2,3,4,7],[2,3,5,9],[2,3,6,7],[2,3,6,8],[2,3,8,9],[2,4,5,8],[2,4,7,8],[2,5,8,9],[2,6,7,8],[3,4,5,7],[3,4,5,9],[3,4,6,8],[3,4,8,9],[3,5,6,7],[4,5,6,8],[4,5,6,9],[4,6,7,9],[4,7,8,9],[5,6,7,9],[5,7,8,9]]

3402a_74=[[1,2,3,4],[1,2,3,5],[1,2,4,5],[1,3,4,6],[1,3,5,6],[1,4,5,7],[1,4,6,7],[1,5,6,8],[1,5,7,8],[1,6,7,8],[2,3,4,7],[2,3,5,9],[2,3,6,7],[2,3,6,8],[2,3,8,9],[2,4,5,8],[2,4,7,9],[2,4,8,9],[2,5,7,8],[2,5,7,9],[2,6,7,8],[3,4,5,7],[3,4,5,9],[3,4,6,8],[3,4,8,9],[3,5,6,7],[4,5,6,8],[4,5,6,9],[4,6,7,9],[5,6,7,9]]

3402a_75=[[1,2,3,4],[1,2,3,5],[1,2,4,5],[1,3,4,6],[1,3,5,6],[1,4,5,7],[1,4,6,7],[1,5,6,8],[1,5,7,8],[1,6,7,8],[2,3,4,7],[2,3,5,9],[2,3,6,7],[2,3,6,9],[2,4,5,6],[2,4,6,7],[2,5,6,9],[3,4,6,8],[3,4,7,8],[3,5,6,7],[3,5,7,8],[3,5,8,9],[3,6,8,9],[4,5,6,8],[4,5,7,9],[4,5,8,9],[4,7,8,9],[5,6,7,9],[6,7,8,9]]

3402a_76=[[1,2,3,4],[1,2,3,5],[1,2,4,5],[1,3,4,6],[1,3,5,6],[1,4,5,7],[1,4,6,7],[1,5,6,8],[1,5,7,8],[1,6,7,8],[2,3,4,7],[2,3,5,9],[2,3,6,7],[2,3,6,9],[2,4,5,6],[2,4,6,7],[2,5,6,9],[3,4,6,9],[3,4,7,9],[3,5,6,7],[3,5,7,8],[3,5,8,9],[3,7,8,9],[4,5,6,8],[4,5,7,9],[4,5,8,9],[4,6,8,9],[5,6,7,9],[6,7,8,9]]

3402a_77=[[1,2,3,4],[1,2,3,5],[1,2,4,5],[1,3,4,6],[1,3,5,6],[1,4,5,7],[1,4,6,7],[1,5,6,8],[1,5,7,8],[1,6,7,8],[2,3,4,7],[2,3,5,9],[2,3,6,7],[2,3,6,9],[2,4,5,8],[2,4,6,7],[2,4,6,8],[2,5,6,8],[2,5,6,9],[3,4,6,8],[3,4,7,8],[3,5,6,7],[3,5,7,8],[3,5,8,9],[3,6,8,9],[4,5,7,9],[4,5,8,9],[4,7,8,9],[5,6,7,9],[6,7,8,9]]

3402a_78=[[1,2,3,4],[1,2,3,5],[1,2,4,5],[1,3,4,6],[1,3,5,6],[1,4,5,7],[1,4,6,7],[1,5,6,8],[1,5,7,8],[1,6,7,8],[2,3,4,7],[2,3,5,9],[2,3,6,7],[2,3,6,9],[2,4,5,8],[2,4,6,7],[2,4,6,8],[2,5,6,8],[2,5,6,9],[3,4,6,9],[3,4,7,9],[3,5,6,7],[3,5,7,8],[3,5,8,9],[3,7,8,9],[4,5,7,9],[4,5,8,9],[4,6,8,9],[5,6,7,9],[6,7,8,9]]

3402a_79=[[1,2,3,4],[1,2,3,5],[1,2,4,5],[1,3,4,6],[1,3,5,6],[1,4,5,7],[1,4,6,7],[1,5,6,8],[1,5,7,8],[1,6,7,8],[2,3,4,7],[2,3,5,9],[2,3,6,7],[2,3,6,9],[2,4,5,8],[2,4,6,8],[2,4,6,9],[2,4,7,9],[2,5,7,8],[2,5,7,9],[2,6,7,8],[3,4,5,7],[3,4,5,8],[3,4,6,8],[3,5,6,7],[3,5,8,9],[3,6,8,9],[4,6,7,9],[5,6,7,9],[5,6,8,9]]

3402a_80=[[1,2,3,4],[1,2,3,5],[1,2,4,5],[1,3,4,6],[1,3,5,6],[1,4,5,7],[1,4,6,7],[1,5,6,8],[1,5,7,8],[1,6,7,8],[2,3,4,7],[2,3,5,9],[2,3,7,8],[2,3,8,9],[2,4,5,8],[2,4,6,7],[2,4,6,8],[2,5,6,7],[2,5,6,9],[2,5,7,8],[2,6,8,9],[3,4,5,7],[3,4,5,9],[3,4,6,9],[3,5,6,7],[3,6,7,9],[3,7,8,9],[4,5,6,8],[4,5,6,9],[6,7,8,9]]

3402a_81=[[1,2,3,4],[1,2,3,5],[1,2,4,5],[1,3,4,6],[1,3,5,6],[1,4,5,7],[1,4,6,7],[1,5,6,8],[1,5,7,8],[1,6,7,8],[2,3,4,7],[2,3,5,9],[2,3,7,9],[2,4,5,6],[2,4,6,7],[2,5,6,7],[2,5,7,9],[3,4,6,8],[3,4,7,8],[3,5,6,7],[3,5,7,8],[3,5,8,9],[3,6,7,9],[3,6,8,9],[4,5,6,8],[4,5,7,9],[4,5,8,9],[4,7,8,9],[6,7,8,9]]

3402a_82=[[1,2,3,4],[1,2,3,5],[1,2,4,5],[1,3,4,6],[1,3,5,6],[1,4,5,7],[1,4,6,7],[1,5,6,8],[1,5,7,8],[1,6,7,8],[2,3,4,7],[2,3,5,9],[2,3,7,9],[2,4,5,6],[2,4,6,7],[2,5,6,8],[2,5,8,9],[2,6,7,9],[2,6,8,9],[3,4,5,7],[3,4,5,9],[3,4,6,8],[3,4,8,9],[3,5,6,7],[3,6,7,8],[3,7,8,9],[4,5,6,9],[4,6,8,9],[5,6,7,9],[5,7,8,9]]

3402a_83=[[1,2,3,4],[1,2,3,5],[1,2,4,5],[1,3,4,6],[1,3,5,6],[1,4,5,7],[1,4,6,7],[1,5,6,8],[1,5,7,8],[1,6,7,8],[2,3,4,7],[2,3,5,9],[2,3,7,9],[2,4,5,6],[2,4,6,7],[2,5,6,8],[2,5,8,9],[2,6,7,9],[2,6,8,9],[3,4,5,7],[3,4,5,9],[3,4,6,9],[3,5,6,7],[3,6,7,8],[3,6,8,9],[3,7,8,9],[4,5,6,9],[5,6,7,9],[5,7,8,9]]

3402a_84=[[1,2,3,4],[1,2,3,5],[1,2,4,5],[1,3,4,6],[1,3,5,6],[1,4,5,7],[1,4,6,7],[1,5,6,8],[1,5,7,8],[1,6,7,8],[2,3,4,7],[2,3,5,9],[2,3,7,9],[2,4,5,6],[2,4,6,8],[2,4,7,9],[2,4,8,9],[2,5,6,8],[2,5,8,9],[3,4,5,7],[3,4,5,9],[3,4,6,8],[3,4,8,9],[3,5,6,7],[3,6,7,8],[3,7,8,9],[4,5,6,9],[4,6,7,9],[5,6,7,9],[5,7,8,9]]

3402a_85=[[1,2,3,4],[1,2,3,5],[1,2,4,5],[1,3,4,6],[1,3,5,6],[1,4,5,7],[1,4,6,7],[1,5,6,8],[1,5,7,8],[1,6,7,8],[2,3,4,7],[2,3,5,9],[2,3,7,9],[2,4,5,8],[2,4,6,7],[2,4,6,8],[2,5,6,7],[2,5,6,8],[2,5,7,9],[3,4,6,8],[3,4,7,8],[3,5,6,7],[3,5,7,8],[3,5,8,9],[3,6,7,9],[3,6,8,9],[4,5,7,9],[4,5,8,9],[4,7,8,9],[6,7,8,9]]

3402a_86=[[1,2,3,4],[1,2,3,5],[1,2,4,5],[1,3,4,6],[1,3,5,6],[1,4,5,7],[1,4,6,7],[1,5,6,8],[1,5,7,8],[1,6,7,8],[2,3,4,8],[2,3,5,7],[2,3,6,7],[2,3,6,8],[2,4,5,6],[2,4,6,7],[2,4,7,8],[2,5,6,9],[2,5,7,8],[2,5,8,9],[2,6,8,9],[3,4,6,8],[3,5,6,9],[3,5,7,9],[3,6,7,9],[4,5,6,8],[4,5,7,9],[4,5,8,9],[4,7,8,9],[6,7,8,9]]

3402a_87=[[1,2,3,4],[1,2,3,5],[1,2,4,5],[1,3,4,6],[1,3,5,6],[1,4,5,7],[1,4,6,7],[1,5,6,8],[1,5,7,8],[1,6,7,8],[2,3,4,8],[2,3,5,9],[2,3,7,8],[2,3,7,9],[2,4,5,6],[2,4,6,7],[2,4,7,8],[2,5,6,7],[2,5,7,9],[3,4,6,8],[3,5,6,7],[3,5,7,8],[3,5,8,9],[3,6,7,9],[3,6,8,9],[4,5,6,8],[4,5,7,9],[4,5,8,9],[4,7,8,9],[6,7,8,9]]

3402a_88=[[1,2,3,4],[1,2,3,5],[1,2,4,5],[1,3,4,6],[1,3,5,6],[1,4,5,7],[1,4,6,7],[1,5,6,8],[1,5,7,8],[1,6,7,8],[2,3,4,8],[2,3,5,9],[2,3,7,8],[2,3,7,9],[2,4,5,6],[2,4,6,7],[2,4,7,8],[2,5,6,7],[2,5,7,9],[3,4,6,9],[3,4,8,9],[3,5,6,7],[3,5,7,8],[3,5,8,9],[3,6,7,9],[4,5,6,9],[4,5,7,9],[4,7,8,9],[5,6,8,9],[6,7,8,9]]

3402a_89=[[1,2,3,4],[1,2,3,5],[1,2,4,5],[1,3,4,6],[1,3,5,6],[1,4,5,7],[1,4,6,7],[1,5,6,8],[1,5,7,8],[1,6,7,8],[2,3,4,9],[2,3,5,7],[2,3,6,7],[2,3,6,9],[2,4,5,6],[2,4,6,7],[2,4,7,9],[2,5,6,9],[2,5,7,8],[2,5,8,9],[2,7,8,9],[3,4,6,8],[3,4,8,9],[3,5,6,7],[3,6,8,9],[4,5,6,8],[4,5,7,9],[4,5,8,9],[5,6,7,9],[6,7,8,9]]

3402a_90=[[1,2,3,4],[1,2,3,5],[1,2,4,5],[1,3,4,6],[1,3,5,6],[1,4,5,7],[1,4,6,7],[1,5,6,8],[1,5,7,8],[1,6,7,8],[2,3,4,9],[2,3,5,7],[2,3,6,7],[2,3,6,9],[2,4,5,6],[2,4,6,7],[2,4,7,9],[2,5,6,9],[2,5,7,8],[2,5,8,9],[2,7,8,9],[3,4,6,9],[3,5,6,7],[4,5,6,8],[4,5,7,9],[4,5,8,9],[4,6,8,9],[5,6,7,9],[6,7,8,9]]

3402a_91=[[1,2,3,4],[1,2,3,5],[1,2,4,5],[1,3,4,6],[1,3,5,6],[1,4,5,7],[1,4,6,7],[1,5,6,8],[1,5,7,8],[1,6,7,8],[2,3,4,9],[2,3,5,7],[2,3,6,8],[2,3,6,9],[2,3,7,8],[2,4,5,9],[2,5,7,8],[2,5,8,9],[2,6,8,9],[3,4,5,7],[3,4,5,8],[3,4,6,8],[3,4,7,9],[3,5,6,9],[3,5,8,9],[3,7,8,9],[4,5,6,8],[4,5,6,9],[4,6,7,9],[6,7,8,9]]

3402a_92=[[1,2,3,4],[1,2,3,5],[1,2,4,5],[1,3,4,6],[1,3,5,6],[1,4,5,7],[1,4,6,7],[1,5,6,8],[1,5,7,8],[1,6,7,8],[2,3,4,9],[2,3,5,7],[2,3,7,8],[2,3,8,9],[2,4,5,6],[2,4,6,9],[2,5,6,9],[2,5,7,8],[2,5,8,9],[3,4,5,7],[3,4,5,9],[3,4,6,8],[3,4,7,8],[3,5,6,9],[3,6,8,9],[4,5,6,8],[4,5,8,9],[4,6,7,9],[4,7,8,9],[6,7,8,9]]

3402a_93=[[1,2,3,4],[1,2,3,5],[1,2,4,5],[1,3,4,6],[1,3,5,6],[1,4,5,7],[1,4,6,7],[1,5,6,8],[1,5,7,8],[1,6,7,8],[2,3,4,9],[2,3,5,8],[2,3,8,9],[2,4,5,6],[2,4,6,8],[2,4,8,9],[2,5,6,8],[3,4,5,7],[3,4,5,8],[3,4,6,8],[3,4,7,9],[3,5,6,9],[3,5,7,9],[3,6,8,9],[4,5,6,9],[4,5,8,9],[4,6,7,9],[5,7,8,9],[6,7,8,9]]

3402a_94=[[1,2,3,4],[1,2,3,5],[1,2,4,5],[1,3,4,6],[1,3,5,6],[1,4,5,7],[1,4,6,7],[1,5,6,8],[1,5,7,8],[1,6,7,9],[1,6,8,9],[1,7,8,9],[2,3,4,6],[2,3,5,7],[2,3,6,7],[2,4,5,8],[2,4,6,9],[2,4,8,9],[2,5,7,9],[2,5,8,9],[2,6,7,9],[3,5,6,9],[3,5,7,8],[3,5,8,9],[3,6,7,8],[3,6,8,9],[4,5,6,8],[4,5,6,9],[4,5,7,9],[4,6,7,8],[4,7,8,9]]

3402a_95=[[1,2,3,4],[1,2,3,5],[1,2,4,5],[1,3,4,6],[1,3,5,6],[1,4,5,7],[1,4,6,7],[1,5,6,8],[1,5,7,8],[1,6,7,9],[1,6,8,9],[1,7,8,9],[2,3,4,6],[2,3,5,8],[2,3,6,7],[2,3,7,9],[2,3,8,9],[2,4,5,7],[2,4,6,8],[2,4,7,8],[2,5,6,7],[2,5,6,8],[2,7,8,9],[3,5,6,9],[3,5,7,8],[3,5,7,9],[3,6,7,8],[3,6,8,9],[4,6,7,8],[5,6,7,9]]

3402a_96=[[1,2,3,4],[1,2,3,5],[1,2,4,5],[1,3,4,6],[1,3,5,6],[1,4,5,7],[1,4,6,7],[1,5,6,8],[1,5,7,8],[1,6,7,9],[1,6,8,9],[1,7,8,9],[2,3,4,6],[2,3,5,8],[2,3,6,7],[2,3,7,9],[2,3,8,9],[2,4,5,7],[2,4,6,8],[2,4,7,9],[2,4,8,9],[2,5,6,7],[2,5,6,8],[3,5,6,9],[3,5,7,8],[3,5,7,9],[3,6,7,8],[3,6,8,9],[4,6,7,8],[4,7,8,9],[5,6,7,9]]

3402a_97=[[1,2,3,4],[1,2,3,5],[1,2,4,5],[1,3,4,6],[1,3,5,6],[1,4,5,7],[1,4,6,7],[1,5,6,8],[1,5,7,8],[1,6,7,9],[1,6,8,9],[1,7,8,9],[2,3,4,6],[2,3,5,9],[2,3,6,8],[2,3,7,8],[2,3,7,9],[2,4,5,8],[2,4,6,7],[2,4,7,8],[2,5,6,7],[2,5,6,8],[2,5,7,9],[3,5,6,7],[3,5,7,8],[3,5,8,9],[3,6,7,9],[3,6,8,9],[4,5,7,9],[4,5,8,9],[4,7,8,9]]

3402a_98=[[1,2,3,4],[1,2,3,5],[1,2,4,5],[1,3,4,6],[1,3,5,6],[1,4,5,7],[1,4,6,7],[1,5,6,8],[1,5,7,8],[1,6,7,9],[1,6,8,9],[1,7,8,9],[2,3,4,7],[2,3,5,6],[2,3,6,8],[2,3,7,8],[2,4,5,8],[2,4,6,7],[2,4,6,9],[2,4,8,9],[2,5,6,7],[2,5,7,8],[2,6,8,9],[3,4,6,8],[3,4,7,9],[3,4,8,9],[3,7,8,9],[4,5,6,8],[4,5,6,9],[4,5,7,9],[5,6,7,9]]

3402a_99=[[1,2,3,4],[1,2,3,5],[1,2,4,5],[1,3,4,6],[1,3,5,6],[1,4,5,7],[1,4,6,7],[1,5,6,8],[1,5,7,8],[1,6,7,9],[1,6,8,9],[1,7,8,9],[2,3,4,7],[2,3,5,6],[2,3,6,9],[2,3,7,8],[2,3,8,9],[2,4,5,8],[2,4,6,7],[2,4,6,9],[2,4,8,9],[2,5,6,7],[2,5,7,8],[3,4,6,8],[3,4,7,8],[3,6,8,9],[4,5,6,8],[4,5,6,9],[4,5,7,9],[4,7,8,9],[5,6,7,9]]

3402a_100=[[1,2,3,4],[1,2,3,5],[1,2,4,5],[1,3,4,6],[1,3,5,6],[1,4,5,7],[1,4,6,7],[1,5,6,8],[1,5,7,8],[1,6,7,9],[1,6,8,9],[1,7,8,9],[2,3,4,7],[2,3,5,6],[2,3,6,9],[2,3,7,9],[2,4,5,8],[2,4,6,7],[2,4,6,9],[2,4,8,9],[2,5,6,7],[2,5,7,8],[2,7,8,9],[3,4,6,8],[3,4,7,9],[3,4,8,9],[3,6,8,9],[4,5,6,8],[4,5,6,9],[4,5,7,9],[5,6,7,9]]

3402a_101=[[1,2,3,4],[1,2,3,5],[1,2,4,5],[1,3,4,6],[1,3,5,6],[1,4,5,7],[1,4,6,7],[1,5,6,8],[1,5,7,8],[1,6,7,9],[1,6,8,9],[1,7,8,9],[2,3,4,7],[2,3,5,7],[2,4,5,8],[2,4,6,7],[2,4,6,9],[2,4,8,9],[2,5,7,8],[2,6,7,8],[2,6,8,9],[3,4,5,8],[3,4,5,9],[3,4,6,9],[3,4,7,8],[3,5,6,8],[3,5,7,9],[3,6,7,8],[3,6,7,9],[4,5,7,9],[4,7,8,9]]

3402a_102=[[1,2,3,4],[1,2,3,5],[1,2,4,5],[1,3,4,6],[1,3,5,6],[1,4,5,7],[1,4,6,7],[1,5,6,8],[1,5,7,8],[1,6,7,9],[1,6,8,9],[1,7,8,9],[2,3,4,7],[2,3,5,7],[2,4,5,8],[2,4,6,7],[2,4,6,9],[2,4,8,9],[2,5,7,9],[2,5,8,9],[2,6,7,9],[3,4,6,8],[3,4,7,8],[3,5,6,9],[3,5,7,8],[3,5,8,9],[3,6,8,9],[4,5,6,8],[4,5,6,9],[4,5,7,9],[4,7,8,9]]

3402a_103=[[1,2,3,4],[1,2,3,5],[1,2,4,5],[1,3,4,6],[1,3,5,6],[1,4,5,7],[1,4,6,7],[1,5,6,8],[1,5,7,8],[1,6,7,9],[1,6,8,9],[1,7,8,9],[2,3,4,7],[2,3,5,8],[2,3,6,7],[2,3,6,8],[2,4,5,6],[2,4,6,7],[2,5,6,9],[2,5,8,9],[2,6,8,9],[3,4,6,8],[3,4,7,8],[3,5,6,7],[3,5,7,8],[4,5,6,8],[4,5,7,9],[4,5,8,9],[4,7,8,9],[5,6,7,9]]

3402a_104=[[1,2,3,4],[1,2,3,5],[1,2,4,5],[1,3,4,6],[1,3,5,6],[1,4,5,7],[1,4,6,7],[1,5,6,8],[1,5,7,8],[1,6,7,9],[1,6,8,9],[1,7,8,9],[2,3,4,7],[2,3,5,8],[2,3,6,7],[2,3,6,8],[2,4,5,6],[2,4,6,7],[2,5,6,9],[2,5,8,9],[2,6,8,9],[3,4,6,8],[3,4,7,8],[3,5,6,9],[3,5,7,8],[3,5,7,9],[3,6,7,9],[4,5,6,8],[4,5,7,9],[4,5,8,9],[4,7,8,9]]

3402a_105=[[1,2,3,4],[1,2,3,5],[1,2,4,5],[1,3,4,6],[1,3,5,6],[1,4,5,7],[1,4,6,7],[1,5,6,8],[1,5,7,8],[1,6,7,9],[1,6,8,9],[1,7,8,9],[2,3,4,7],[2,3,5,8],[2,3,6,7],[2,3,6,8],[2,4,5,6],[2,4,6,7],[2,5,6,9],[2,5,8,9],[2,6,8,9],[3,4,6,8],[3,4,7,9],[3,4,8,9],[3,5,6,7],[3,5,7,8],[3,7,8,9],[4,5,6,8],[4,5,7,9],[4,5,8,9],[5,6,7,9]]

3402a_106=[[1,2,3,4],[1,2,3,5],[1,2,4,5],[1,3,4,6],[1,3,5,6],[1,4,5,7],[1,4,6,7],[1,5,6,8],[1,5,7,8],[1,6,7,9],[1,6,8,9],[1,7,8,9],[2,3,4,7],[2,3,5,8],[2,3,6,7],[2,3,6,8],[2,4,5,8],[2,4,6,7],[2,4,6,9],[2,4,8,9],[2,6,8,9],[3,4,6,8],[3,4,7,8],[3,5,6,7],[3,5,7,8],[4,5,6,8],[4,5,6,9],[4,5,7,9],[4,7,8,9],[5,6,7,9]]

3402a_107=[[1,2,3,4],[1,2,3,5],[1,2,4,5],[1,3,4,6],[1,3,5,6],[1,4,5,7],[1,4,6,7],[1,5,6,8],[1,5,7,8],[1,6,7,9],[1,6,8,9],[1,7,8,9],[2,3,4,7],[2,3,5,8],[2,3,6,7],[2,3,6,8],[2,4,5,8],[2,4,6,7],[2,4,6,9],[2,4,8,9],[2,6,8,9],[3,4,6,8],[3,4,7,8],[3,5,6,9],[3,5,7,8],[3,5,7,9],[3,6,7,9],[4,5,6,8],[4,5,6,9],[4,5,7,9],[4,7,8,9]]

3402a_108=[[1,2,3,4],[1,2,3,5],[1,2,4,5],[1,3,4,6],[1,3,5,6],[1,4,5,7],[1,4,6,7],[1,5,6,8],[1,5,7,8],[1,6,7,9],[1,6,8,9],[1,7,8,9],[2,3,4,7],[2,3,5,8],[2,3,6,7],[2,3,6,8],[2,4,5,8],[2,4,6,7],[2,4,6,9],[2,4,8,9],[2,6,8,9],[3,4,6,8],[3,4,7,9],[3,4,8,9],[3,5,6,7],[3,5,7,8],[3,7,8,9],[4,5,6,8],[4,5,6,9],[4,5,7,9],[5,6,7,9]]

3402a_109=[[1,2,3,4],[1,2,3,5],[1,2,4,5],[1,3,4,6],[1,3,5,6],[1,4,5,7],[1,4,6,7],[1,5,6,8],[1,5,7,8],[1,6,7,9],[1,6,8,9],[1,7,8,9],[2,3,4,7],[2,3,5,8],[2,3,6,7],[2,3,6,9],[2,3,8,9],[2,4,5,6],[2,4,6,7],[2,5,6,9],[2,5,8,9],[3,4,6,8],[3,4,7,8],[3,5,6,7],[3,5,7,8],[3,6,8,9],[4,5,6,8],[4,5,7,9],[4,5,8,9],[4,7,8,9],[5,6,7,9]]

3402a_110=[[1,2,3,4],[1,2,3,5],[1,2,4,5],[1,3,4,6],[1,3,5,6],[1,4,5,7],[1,4,6,7],[1,5,6,8],[1,5,7,8],[1,6,7,9],[1,6,8,9],[1,7,8,9],[2,3,4,7],[2,3,5,8],[2,3,6,7],[2,3,6,9],[2,3,8,9],[2,4,5,6],[2,4,6,7],[2,5,6,9],[2,5,8,9],[3,4,6,9],[3,4,7,9],[3,5,6,7],[3,5,7,8],[3,7,8,9],[4,5,6,8],[4,5,7,9],[4,5,8,9],[4,6,8,9],[5,6,7,9]]

3402a_111=[[1,2,3,4],[1,2,3,5],[1,2,4,5],[1,3,4,6],[1,3,5,6],[1,4,5,7],[1,4,6,7],[1,5,6,8],[1,5,7,8],[1,6,7,9],[1,6,8,9],[1,7,8,9],[2,3,4,7],[2,3,5,8],[2,3,6,7],[2,3,6,9],[2,3,8,9],[2,4,5,8],[2,4,6,7],[2,4,6,9],[2,4,8,9],[3,4,6,8],[3,4,7,8],[3,5,6,7],[3,5,7,8],[3,6,8,9],[4,5,6,8],[4,5,6,9],[4,5,7,9],[4,7,8,9],[5,6,7,9]]

3402a_112=[[1,2,3,4],[1,2,3,5],[1,2,4,5],[1,3,4,6],[1,3,5,6],[1,4,5,7],[1,4,6,7],[1,5,6,8],[1,5,7,8],[1,6,7,9],[1,6,8,9],[1,7,8,9],[2,3,4,7],[2,3,5,8],[2,3,6,7],[2,3,6,9],[2,3,8,9],[2,4,5,9],[2,4,7,9],[2,5,6,8],[2,5,6,9],[2,6,7,8],[2,7,8,9],[3,4,6,8],[3,4,7,8],[3,5,6,7],[3,5,7,8],[3,6,8,9],[4,5,7,9],[4,6,7,8],[5,6,7,9]]

3402a_113=[[1,2,3,4],[1,2,3,5],[1,2,4,5],[1,3,4,6],[1,3,5,6],[1,4,5,7],[1,4,6,7],[1,5,6,8],[1,5,7,8],[1,6,7,9],[1,6,8,9],[1,7,8,9],[2,3,4,7],[2,3,5,8],[2,3,6,8],[2,3,6,9],[2,3,7,9],[2,4,5,8],[2,4,7,9],[2,4,8,9],[2,6,8,9],[3,4,5,7],[3,4,5,9],[3,4,6,8],[3,4,8,9],[3,5,6,9],[3,5,7,8],[3,7,8,9],[4,5,6,8],[4,5,6,9],[4,6,7,9]]

3402a_114=[[1,2,3,4],[1,2,3,5],[1,2,4,5],[1,3,4,6],[1,3,5,6],[1,4,5,7],[1,4,6,7],[1,5,6,8],[1,5,7,8],[1,6,7,9],[1,6,8,9],[1,7,8,9],[2,3,4,7],[2,3,5,9],[2,3,6,7],[2,3,6,8],[2,3,8,9],[2,4,5,6],[2,4,6,7],[2,5,6,9],[2,6,8,9],[3,4,6,8],[3,4,7,8],[3,5,6,7],[3,5,7,8],[3,5,8,9],[4,5,6,8],[4,5,7,9],[4,5,8,9],[4,7,8,9],[5,6,7,9]]

3402a_115=[[1,2,3,4],[1,2,3,5],[1,2,4,5],[1,3,4,6],[1,3,5,6],[1,4,5,7],[1,4,6,7],[1,5,6,8],[1,5,7,8],[1,6,7,9],[1,6,8,9],[1,7,8,9],[2,3,4,7],[2,3,5,9],[2,3,6,7],[2,3,6,9],[2,4,5,6],[2,4,6,7],[2,5,6,9],[3,4,6,9],[3,4,7,9],[3,5,6,7],[3,5,7,8],[3,5,8,9],[3,7,8,9],[4,5,6,8],[4,5,7,9],[4,5,8,9],[4,6,8,9],[5,6,7,9]]

3402a_116=[[1,2,3,4],[1,2,3,5],[1,2,4,5],[1,3,4,6],[1,3,5,6],[1,4,5,7],[1,4,6,7],[1,5,6,8],[1,5,7,8],[1,6,7,9],[1,6,8,9],[1,7,8,9],[2,3,4,7],[2,3,5,9],[2,3,6,7],[2,3,6,9],[2,4,5,8],[2,4,6,7],[2,4,6,8],[2,5,6,8],[2,5,6,9],[3,4,6,9],[3,4,7,9],[3,5,6,7],[3,5,7,8],[3,5,8,9],[3,7,8,9],[4,5,7,9],[4,5,8,9],[4,6,8,9],[5,6,7,9]]

3402a_117=[[1,2,3,4],[1,2,3,5],[1,2,4,5],[1,3,4,6],[1,3,5,6],[1,4,5,7],[1,4,6,7],[1,5,6,8],[1,5,7,8],[1,6,7,9],[1,6,8,9],[1,7,8,9],[2,3,4,7],[2,3,5,9],[2,3,7,8],[2,3,8,9],[2,4,5,8],[2,4,6,7],[2,4,6,8],[2,5,6,7],[2,5,6,9],[2,5,7,8],[2,6,8,9],[3,4,5,7],[3,4,5,9],[3,4,6,9],[3,5,6,7],[3,6,7,9],[3,7,8,9],[4,5,6,8],[4,5,6,9]]

3402a_118=[[1,2,3,4],[1,2,3,5],[1,2,4,5],[1,3,4,6],[1,3,5,6],[1,4,5,7],[1,4,6,7],[1,5,6,8],[1,5,7,8],[1,6,7,9],[1,6,8,9],[1,7,8,9],[2,3,4,7],[2,3,5,9],[2,3,7,9],[2,4,5,8],[2,4,6,7],[2,4,6,8],[2,5,6,7],[2,5,6,9],[2,5,7,8],[2,6,8,9],[2,7,8,9],[3,4,5,7],[3,4,5,9],[3,4,6,9],[3,5,6,7],[3,6,7,9],[4,5,6,8],[4,5,6,9]]

3402a_119=[[1,2,3,4],[1,2,3,5],[1,2,4,5],[1,3,4,6],[1,3,5,6],[1,4,5,7],[1,4,6,7],[1,5,6,8],[1,5,7,8],[1,6,7,9],[1,6,8,9],[1,7,8,9],[2,3,4,8],[2,3,5,7],[2,3,6,7],[2,3,6,8],[2,4,5,9],[2,4,8,9],[2,5,7,8],[2,5,8,9],[2,6,7,8],[3,4,5,7],[3,4,5,9],[3,4,6,9],[3,4,7,8],[3,5,6,8],[3,5,8,9],[3,6,7,9],[3,7,8,9],[4,6,7,8],[4,6,8,9]]

3402a_120=[[1,2,3,4],[1,2,3,5],[1,2,4,5],[1,3,4,6],[1,3,5,6],[1,4,5,7],[1,4,6,7],[1,5,6,8],[1,5,7,8],[1,6,7,9],[1,6,8,9],[1,7,8,9],[2,3,4,8],[2,3,5,9],[2,3,6,8],[2,3,6,9],[2,4,5,7],[2,4,7,8],[2,5,6,7],[2,5,6,8],[2,5,8,9],[2,6,7,9],[2,7,8,9],[3,4,6,9],[3,4,8,9],[3,5,6,7],[3,5,7,8],[3,5,8,9],[3,6,7,8],[4,6,7,8],[4,6,8,9]]

3402a_121=[[1,2,3,4],[1,2,3,5],[1,2,4,5],[1,3,4,6],[1,3,5,6],[1,4,5,7],[1,4,6,7],[1,5,6,8],[1,5,7,8],[1,6,7,9],[1,6,8,9],[1,7,8,9],[2,3,4,8],[2,3,5,9],[2,3,8,9],[2,4,5,8],[2,5,6,7],[2,5,6,9],[2,5,7,8],[2,6,7,8],[2,6,8,9],[3,4,5,7],[3,4,5,9],[3,4,6,9],[3,4,7,8],[3,5,6,7],[3,6,7,9],[3,7,8,9],[4,5,6,8],[4,5,6,9],[4,6,7,8]]

3402a_122=[[1,2,3,4],[1,2,3,5],[1,2,4,5],[1,3,4,6],[1,3,5,6],[1,4,5,7],[1,4,6,7],[1,5,6,8],[1,5,7,8],[1,6,7,9],[1,6,8,9],[1,7,8,9],[2,3,4,9],[2,3,5,7],[2,3,6,7],[2,3,6,9],[2,4,5,6],[2,4,6,7],[2,4,7,9],[2,5,6,9],[2,5,7,8],[2,5,8,9],[2,7,8,9],[3,4,6,8],[3,4,8,9],[3,5,6,7],[3,6,8,9],[4,5,6,8],[4,5,7,9],[4,5,8,9],[5,6,7,9]]

3402a_123=[[1,2,3,4],[1,2,3,5],[1,2,4,5],[1,3,4,6],[1,3,5,6],[1,4,5,7],[1,4,6,7],[1,5,6,8],[1,5,7,8],[1,6,7,9],[1,6,8,9],[1,7,8,9],[2,3,4,9],[2,3,5,7],[2,3,6,7],[2,3,6,9],[2,4,5,6],[2,4,6,7],[2,4,7,9],[2,5,6,9],[2,5,7,8],[2,5,8,9],[2,7,8,9],[3,4,6,9],[3,5,6,7],[4,5,6,8],[4,5,7,9],[4,5,8,9],[4,6,8,9],[5,6,7,9]]

3402a_124=[[1,2,3,4],[1,2,3,5],[1,2,4,5],[1,3,4,6],[1,3,5,6],[1,4,5,7],[1,4,6,7],[1,5,6,8],[1,5,7,8],[1,6,7,9],[1,6,8,9],[1,7,8,9],[2,3,4,9],[2,3,5,9],[2,4,5,8],[2,4,6,7],[2,4,6,8],[2,4,7,9],[2,5,6,7],[2,5,6,9],[2,5,7,8],[2,6,8,9],[2,7,8,9],[3,4,6,9],[3,5,6,7],[3,5,7,9],[3,6,7,9],[4,5,6,8],[4,5,6,9],[4,5,7,9]]

3402a_125=[[1,2,3,4],[1,2,3,5],[1,2,4,5],[1,3,4,6],[1,3,5,6],[1,4,5,7],[1,4,6,7],[1,5,6,8],[1,5,7,9],[1,5,8,9],[1,6,7,8],[1,7,8,9],[2,3,4,6],[2,3,5,7],[2,3,6,7],[2,4,5,9],[2,4,6,8],[2,4,8,9],[2,5,7,9],[2,6,7,9],[2,6,8,9],[3,5,6,9],[3,5,7,8],[3,5,8,9],[3,6,7,8],[3,6,8,9],[4,5,6,8],[4,5,6,9],[4,5,7,8],[4,6,7,9],[4,7,8,9]]

3402a_126=[[1,2,3,4],[1,2,3,5],[1,2,4,5],[1,3,4,6],[1,3,5,6],[1,4,5,7],[1,4,6,7],[1,5,6,8],[1,5,7,9],[1,5,8,9],[1,6,7,8],[1,7,8,9],[2,3,4,6],[2,3,5,7],[2,3,6,8],[2,3,7,9],[2,3,8,9],[2,4,5,8],[2,4,6,7],[2,4,7,9],[2,4,8,9],[2,5,6,7],[2,5,6,8],[3,5,6,9],[3,5,7,8],[3,5,8,9],[3,6,7,8],[3,6,7,9],[4,5,7,8],[4,7,8,9],[5,6,7,9]]

3402a_127=[[1,2,3,4],[1,2,3,5],[1,2,4,5],[1,3,4,6],[1,3,5,6],[1,4,5,7],[1,4,6,7],[1,5,6,8],[1,5,7,9],[1,5,8,9],[1,6,7,8],[1,7,8,9],[2,3,4,6],[2,3,5,8],[2,3,6,9],[2,3,7,8],[2,3,7,9],[2,4,5,7],[2,4,6,8],[2,4,7,8],[2,5,6,7],[2,5,6,8],[2,6,7,9],[3,5,6,7],[3,5,7,9],[3,5,8,9],[3,6,7,8],[3,6,8,9],[4,6,7,9],[4,6,8,9],[4,7,8,9]]

3402a_128=[[1,2,3,4],[1,2,3,5],[1,2,4,5],[1,3,4,6],[1,3,5,6],[1,4,5,7],[1,4,6,7],[1,5,6,8],[1,5,7,9],[1,5,8,9],[1,6,7,8],[1,7,8,9],[2,3,4,7],[2,3,5,7],[2,4,5,8],[2,4,6,7],[2,4,6,8],[2,5,6,7],[2,5,6,8],[3,4,6,8],[3,4,7,9],[3,4,8,9],[3,5,6,9],[3,5,7,8],[3,5,8,9],[3,6,7,8],[3,6,7,9],[4,5,7,8],[4,7,8,9],[5,6,7,9]]

3402a_129=[[1,2,3,4],[1,2,3,5],[1,2,4,5],[1,3,4,6],[1,3,5,6],[1,4,5,7],[1,4,6,7],[1,5,6,8],[1,5,7,9],[1,5,8,9],[1,6,7,8],[1,7,8,9],[2,3,4,7],[2,3,5,7],[2,4,5,8],[2,4,6,7],[2,4,6,8],[2,5,6,8],[2,5,6,9],[2,5,7,9],[2,6,7,9],[3,4,6,8],[3,4,7,9],[3,4,8,9],[3,5,6,9],[3,5,7,8],[3,5,8,9],[3,6,7,8],[3,6,7,9],[4,5,7,8],[4,7,8,9]]

3402a_130=[[1,2,3,4],[1,2,3,5],[1,2,4,5],[1,3,4,6],[1,3,5,6],[1,4,5,7],[1,4,6,7],[1,5,6,8],[1,5,7,9],[1,5,8,9],[1,6,7,8],[1,7,8,9],[2,3,4,7],[2,3,5,7],[2,4,5,9],[2,4,6,7],[2,4,6,8],[2,4,8,9],[2,5,6,8],[2,5,6,9],[2,5,7,8],[2,6,7,9],[2,7,8,9],[3,4,6,8],[3,4,7,8],[3,5,6,7],[3,6,7,8],[4,5,7,8],[4,5,8,9],[5,6,7,9]]

3402a_131=[[1,2,3,4],[1,2,3,5],[1,2,4,5],[1,3,4,6],[1,3,5,6],[1,4,5,7],[1,4,6,7],[1,5,6,8],[1,5,7,9],[1,5,8,9],[1,6,7,8],[1,7,8,9],[2,3,4,7],[2,3,5,7],[2,4,5,9],[2,4,6,7],[2,4,6,8],[2,4,8,9],[2,5,6,8],[2,5,6,9],[2,5,7,8],[2,6,7,9],[2,7,8,9],[3,4,6,8],[3,4,7,8],[3,5,6,9],[3,5,7,9],[3,6,7,8],[3,6,7,9],[4,5,7,8],[4,5,8,9]]

3402a_132=[[1,2,3,4],[1,2,3,5],[1,2,4,5],[1,3,4,6],[1,3,5,6],[1,4,5,7],[1,4,6,7],[1,5,6,8],[1,5,7,9],[1,5,8,9],[1,6,7,8],[1,7,8,9],[2,3,4,7],[2,3,5,7],[2,4,5,9],[2,4,7,9],[2,5,6,8],[2,5,6,9],[2,5,7,8],[2,6,8,9],[2,7,8,9],[3,4,6,8],[3,4,7,8],[3,5,6,7],[3,6,7,8],[4,5,7,8],[4,5,8,9],[4,6,7,9],[4,6,8,9],[5,6,7,9]]

3402a_133=[[1,2,3,4],[1,2,3,5],[1,2,4,5],[1,3,4,6],[1,3,5,6],[1,4,5,7],[1,4,6,7],[1,5,6,8],[1,5,7,9],[1,5,8,9],[1,6,7,8],[1,7,8,9],[2,3,4,7],[2,3,5,7],[2,4,5,9],[2,4,7,9],[2,5,6,8],[2,5,6,9],[2,5,7,8],[2,6,8,9],[2,7,8,9],[3,4,6,8],[3,4,7,8],[3,5,6,9],[3,5,7,9],[3,6,7,8],[3,6,7,9],[4,5,7,8],[4,5,8,9],[4,6,7,9],[4,6,8,9]]

3402a_134=[[1,2,3,4],[1,2,3,5],[1,2,4,5],[1,3,4,6],[1,3,5,6],[1,4,5,7],[1,4,6,7],[1,5,6,8],[1,5,7,9],[1,5,8,9],[1,6,7,8],[1,7,8,9],[2,3,4,7],[2,3,5,7],[2,4,5,9],[2,4,7,9],[2,5,6,8],[2,5,6,9],[2,5,7,8],[2,6,8,9],[2,7,8,9],[3,4,6,9],[3,4,7,8],[3,4,8,9],[3,5,6,7],[3,6,7,8],[3,6,8,9],[4,5,7,8],[4,5,8,9],[4,6,7,9],[5,6,7,9]]

3402a_135=[[1,2,3,4],[1,2,3,5],[1,2,4,5],[1,3,4,6],[1,3,5,6],[1,4,5,7],[1,4,6,7],[1,5,6,8],[1,5,7,9],[1,5,8,9],[1,6,7,8],[1,7,8,9],[2,3,4,7],[2,3,5,8],[2,3,6,7],[2,3,6,8],[2,4,5,8],[2,4,7,9],[2,4,8,9],[2,6,7,8],[2,7,8,9],[3,4,5,7],[3,4,5,9],[3,4,6,8],[3,4,8,9],[3,5,6,7],[3,5,8,9],[4,5,6,8],[4,5,6,9],[4,6,7,9],[5,6,7,9]]

3402a_136=[[1,2,3,4],[1,2,3,5],[1,2,4,5],[1,3,4,6],[1,3,5,6],[1,4,5,7],[1,4,6,7],[1,5,6,8],[1,5,7,9],[1,5,8,9],[1,6,7,8],[1,7,8,9],[2,3,4,7],[2,3,5,8],[2,3,6,7],[2,3,6,8],[2,4,5,9],[2,4,7,9],[2,5,7,8],[2,5,7,9],[2,6,7,8],[3,4,6,8],[3,4,7,8],[3,5,6,9],[3,5,8,9],[3,6,7,9],[3,7,8,9],[4,5,6,8],[4,5,6,9],[4,5,7,8],[4,6,7,9]]

3402a_137=[[1,2,3,4],[1,2,3,5],[1,2,4,5],[1,3,4,6],[1,3,5,6],[1,4,5,7],[1,4,6,7],[1,5,6,8],[1,5,7,9],[1,5,8,9],[1,6,7,8],[1,7,8,9],[2,3,4,7],[2,3,5,8],[2,3,6,7],[2,3,6,9],[2,3,8,9],[2,4,5,9],[2,4,6,7],[2,4,6,8],[2,4,8,9],[2,5,6,8],[2,5,6,9],[3,4,5,7],[3,4,5,8],[3,4,6,8],[3,5,6,9],[3,5,7,9],[3,6,7,8],[3,7,8,9],[4,5,8,9]]

3402a_138=[[1,2,3,4],[1,2,3,5],[1,2,4,5],[1,3,4,6],[1,3,5,6],[1,4,5,7],[1,4,6,7],[1,5,6,8],[1,5,7,9],[1,5,8,9],[1,6,7,8],[1,7,8,9],[2,3,4,7],[2,3,5,8],[2,3,6,8],[2,3,6,9],[2,3,7,9],[2,4,5,9],[2,4,6,7],[2,4,6,9],[2,5,6,7],[2,5,6,8],[2,5,7,9],[3,4,5,7],[3,4,5,8],[3,4,6,9],[3,4,8,9],[3,5,6,7],[3,6,7,8],[3,7,8,9],[4,5,8,9]]

3402a_139=[[1,2,3,4],[1,2,3,5],[1,2,4,5],[1,3,4,6],[1,3,5,6],[1,4,5,7],[1,4,6,7],[1,5,6,8],[1,5,7,9],[1,5,8,9],[1,6,7,8],[1,7,8,9],[2,3,4,7],[2,3,5,8],[2,3,6,8],[2,3,6,9],[2,3,7,9],[2,4,5,9],[2,4,7,9],[2,5,6,8],[2,5,6,9],[3,4,5,7],[3,4,5,8],[3,4,6,9],[3,4,8,9],[3,5,6,7],[3,6,7,8],[3,7,8,9],[4,5,8,9],[4,6,7,9],[5,6,7,9]]

3402a_140=[[1,2,3,4],[1,2,3,5],[1,2,4,5],[1,3,4,6],[1,3,5,6],[1,4,5,7],[1,4,6,7],[1,5,6,8],[1,5,7,9],[1,5,8,9],[1,6,7,8],[1,7,8,9],[2,3,4,7],[2,3,5,8],[2,3,6,8],[2,3,6,9],[2,3,7,9],[2,4,5,9],[2,4,7,9],[2,5,6,8],[2,5,6,9],[3,4,5,7],[3,4,5,9],[3,4,6,9],[3,5,6,7],[3,5,8,9],[3,6,7,8],[3,7,8,9],[4,6,7,9],[5,6,7,9]]

3402a_141=[[1,2,3,4],[1,2,3,5],[1,2,4,5],[1,3,4,6],[1,3,5,6],[1,4,5,7],[1,4,6,7],[1,5,6,8],[1,5,7,9],[1,5,8,9],[1,6,7,8],[1,7,8,9],[2,3,4,7],[2,3,5,8],[2,3,7,8],[2,4,5,6],[2,4,6,7],[2,5,6,7],[2,5,7,8],[3,4,6,8],[3,4,7,9],[3,4,8,9],[3,5,6,9],[3,5,8,9],[3,6,7,8],[3,6,7,9],[4,5,6,8],[4,5,7,8],[4,7,8,9],[5,6,7,9]]

3402a_142=[[1,2,3,4],[1,2,3,5],[1,2,4,5],[1,3,4,6],[1,3,5,6],[1,4,5,7],[1,4,6,7],[1,5,6,8],[1,5,7,9],[1,5,8,9],[1,6,7,8],[1,7,8,9],[2,3,4,7],[2,3,5,8],[2,3,7,8],[2,4,5,6],[2,4,6,7],[2,5,6,8],[2,6,7,9],[2,6,8,9],[2,7,8,9],[3,4,5,7],[3,4,5,8],[3,4,6,8],[3,5,6,7],[3,6,7,8],[4,5,6,9],[4,5,8,9],[4,6,8,9],[5,6,7,9]]

3402a_143=[[1,2,3,4],[1,2,3,5],[1,2,4,5],[1,3,4,6],[1,3,5,6],[1,4,5,7],[1,4,6,7],[1,5,6,8],[1,5,7,9],[1,5,8,9],[1,6,7,8],[1,7,8,9],[2,3,4,7],[2,3,5,8],[2,3,7,8],[2,4,5,6],[2,4,6,7],[2,5,6,8],[2,6,7,9],[2,6,8,9],[2,7,8,9],[3,4,5,7],[3,4,5,8],[3,4,6,8],[3,5,6,9],[3,5,7,9],[3,6,7,8],[3,6,7,9],[4,5,6,9],[4,5,8,9],[4,6,8,9]]

3402a_144=[[1,2,3,4],[1,2,3,5],[1,2,4,5],[1,3,4,6],[1,3,5,6],[1,4,5,7],[1,4,6,7],[1,5,6,8],[1,5,7,9],[1,5,8,9],[1,6,7,8],[1,7,8,9],[2,3,4,7],[2,3,5,8],[2,3,7,8],[2,4,5,6],[2,4,6,7],[2,5,6,8],[2,6,7,9],[2,6,8,9],[2,7,8,9],[3,4,5,7],[3,4,5,8],[3,4,6,9],[3,4,8,9],[3,5,6,7],[3,6,7,8],[3,6,8,9],[4,5,6,9],[4,5,8,9],[5,6,7,9]]

3402a_145=[[1,2,3,4],[1,2,3,5],[1,2,4,5],[1,3,4,6],[1,3,5,6],[1,4,5,7],[1,4,6,7],[1,5,6,8],[1,5,7,9],[1,5,8,9],[1,6,7,8],[1,7,8,9],[2,3,4,7],[2,3,5,8],[2,3,7,8],[2,4,5,6],[2,4,6,7],[2,5,6,8],[2,6,7,9],[2,6,8,9],[2,7,8,9],[3,4,5,7],[3,4,5,9],[3,4,6,8],[3,4,8,9],[3,5,6,7],[3,5,8,9],[3,6,7,8],[4,5,6,9],[4,6,8,9],[5,6,7,9]]

3402a_146=[[1,2,3,4],[1,2,3,5],[1,2,4,5],[1,3,4,6],[1,3,5,6],[1,4,5,7],[1,4,6,7],[1,5,6,8],[1,5,7,9],[1,5,8,9],[1,6,7,8],[1,7,8,9],[2,3,4,7],[2,3,5,8],[2,3,7,8],[2,4,5,6],[2,4,6,7],[2,5,6,8],[2,6,7,9],[2,6,8,9],[2,7,8,9],[3,4,5,7],[3,4,5,9],[3,4,6,9],[3,5,6,7],[3,5,8,9],[3,6,7,8],[3,6,8,9],[4,5,6,9],[5,6,7,9]]

3402a_147=[[1,2,3,4],[1,2,3,5],[1,2,4,5],[1,3,4,6],[1,3,5,6],[1,4,5,7],[1,4,6,7],[1,5,6,8],[1,5,7,9],[1,5,8,9],[1,6,7,8],[1,7,8,9],[2,3,4,7],[2,3,5,8],[2,3,7,8],[2,4,5,6],[2,4,6,7],[2,5,6,9],[2,5,7,8],[2,5,7,9],[2,6,7,9],[3,4,6,8],[3,4,7,9],[3,4,8,9],[3,5,6,9],[3,5,8,9],[3,6,7,8],[3,6,7,9],[4,5,6,8],[4,5,7,8],[4,7,8,9]]

3402a_148=[[1,2,3,4],[1,2,3,5],[1,2,4,5],[1,3,4,6],[1,3,5,6],[1,4,5,7],[1,4,6,7],[1,5,6,8],[1,5,7,9],[1,5,8,9],[1,6,7,8],[1,7,8,9],[2,3,4,7],[2,3,5,8],[2,3,7,8],[2,4,5,6],[2,4,6,8],[2,4,7,9],[2,4,8,9],[2,5,6,8],[2,7,8,9],[3,4,5,7],[3,4,5,8],[3,4,6,8],[3,5,6,7],[3,6,7,8],[4,5,6,9],[4,5,8,9],[4,6,7,9],[5,6,7,9]]

3402a_149=[[1,2,3,4],[1,2,3,5],[1,2,4,5],[1,3,4,6],[1,3,5,6],[1,4,5,7],[1,4,6,7],[1,5,6,8],[1,5,7,9],[1,5,8,9],[1,6,7,8],[1,7,8,9],[2,3,4,7],[2,3,5,8],[2,3,7,8],[2,4,5,6],[2,4,6,8],[2,4,7,9],[2,4,8,9],[2,5,6,8],[2,7,8,9],[3,4,5,7],[3,4,5,8],[3,4,6,8],[3,5,6,9],[3,5,7,9],[3,6,7,8],[3,6,7,9],[4,5,6,9],[4,5,8,9],[4,6,7,9]]

3402a_150=[[1,2,3,4],[1,2,3,5],[1,2,4,5],[1,3,4,6],[1,3,5,6],[1,4,5,7],[1,4,6,7],[1,5,6,8],[1,5,7,9],[1,5,8,9],[1,6,7,8],[1,7,8,9],[2,3,4,7],[2,3,5,8],[2,3,7,8],[2,4,5,6],[2,4,6,8],[2,4,7,9],[2,4,8,9],[2,5,6,8],[2,7,8,9],[3,4,5,7],[3,4,5,9],[3,4,6,8],[3,4,8,9],[3,5,6,7],[3,5,8,9],[3,6,7,8],[4,5,6,9],[4,6,7,9],[5,6,7,9]]

3402a_151=[[1,2,3,4],[1,2,3,5],[1,2,4,5],[1,3,4,6],[1,3,5,6],[1,4,5,7],[1,4,6,7],[1,5,6,8],[1,5,7,9],[1,5,8,9],[1,6,7,8],[1,7,8,9],[2,3,4,7],[2,3,5,8],[2,3,7,8],[2,4,5,8],[2,4,6,7],[2,4,6,9],[2,4,8,9],[2,6,7,9],[2,7,8,9],[3,4,5,7],[3,4,5,9],[3,4,6,8],[3,4,8,9],[3,5,6,7],[3,5,8,9],[3,6,7,8],[4,5,6,8],[4,5,6,9],[5,6,7,9]]

3402a_152=[[1,2,3,4],[1,2,3,5],[1,2,4,5],[1,3,4,6],[1,3,5,6],[1,4,5,7],[1,4,6,7],[1,5,6,8],[1,5,7,9],[1,5,8,9],[1,6,7,8],[1,7,8,9],[2,3,4,7],[2,3,5,8],[2,3,7,9],[2,3,8,9],[2,4,5,6],[2,4,6,7],[2,5,6,8],[2,6,7,9],[2,6,8,9],[3,4,5,7],[3,4,5,8],[3,4,6,8],[3,5,6,7],[3,6,7,8],[3,7,8,9],[4,5,6,9],[4,5,8,9],[4,6,8,9],[5,6,7,9]]

3402a_153=[[1,2,3,4],[1,2,3,5],[1,2,4,5],[1,3,4,6],[1,3,5,6],[1,4,5,7],[1,4,6,7],[1,5,6,8],[1,5,7,9],[1,5,8,9],[1,6,7,8],[1,7,8,9],[2,3,4,7],[2,3,5,8],[2,3,7,9],[2,3,8,9],[2,4,5,6],[2,4,6,8],[2,4,7,9],[2,4,8,9],[2,5,6,8],[3,4,5,7],[3,4,5,8],[3,4,6,8],[3,5,6,7],[3,6,7,8],[3,7,8,9],[4,5,6,9],[4,5,8,9],[4,6,7,9],[5,6,7,9]]

3402a_154=[[1,2,3,4],[1,2,3,5],[1,2,4,5],[1,3,4,6],[1,3,5,6],[1,4,5,7],[1,4,6,7],[1,5,6,8],[1,5,7,9],[1,5,8,9],[1,6,7,8],[1,7,8,9],[2,3,4,7],[2,3,5,9],[2,3,6,7],[2,3,6,8],[2,3,8,9],[2,4,5,8],[2,4,7,8],[2,5,8,9],[2,6,7,8],[3,4,5,7],[3,4,5,9],[3,4,6,8],[3,4,8,9],[3,5,6,7],[4,5,6,8],[4,5,6,9],[4,6,7,9],[4,7,8,9],[5,6,7,9]]

3402a_155=[[1,2,3,4],[1,2,3,5],[1,2,4,5],[1,3,4,6],[1,3,5,6],[1,4,5,7],[1,4,6,7],[1,5,6,8],[1,5,7,9],[1,5,8,9],[1,6,7,8],[1,7,8,9],[2,3,4,7],[2,3,5,9],[2,3,7,8],[2,3,8,9],[2,4,5,6],[2,4,6,7],[2,5,6,7],[2,5,7,8],[2,5,8,9],[3,4,6,8],[3,4,7,9],[3,4,8,9],[3,5,6,7],[3,5,7,9],[3,6,7,8],[4,5,6,8],[4,5,7,8],[4,7,8,9]]

3402a_156=[[1,2,3,4],[1,2,3,5],[1,2,4,5],[1,3,4,6],[1,3,5,6],[1,4,5,7],[1,4,6,7],[1,5,6,8],[1,5,7,9],[1,5,8,9],[1,6,7,8],[1,7,8,9],[2,3,4,7],[2,3,5,9],[2,3,7,8],[2,3,8,9],[2,4,5,6],[2,4,6,7],[2,5,6,7],[2,5,7,8],[2,5,8,9],[3,4,6,8],[3,4,7,9],[3,4,8,9],[3,5,6,9],[3,6,7,8],[3,6,7,9],[4,5,6,8],[4,5,7,8],[4,7,8,9],[5,6,7,9]]

3402a_157=[[1,2,3,4],[1,2,3,5],[1,2,4,5],[1,3,4,6],[1,3,5,6],[1,4,5,7],[1,4,6,7],[1,5,6,8],[1,5,7,9],[1,5,8,9],[1,6,7,8],[1,7,8,9],[2,3,4,7],[2,3,5,9],[2,3,7,9],[2,4,5,6],[2,4,6,7],[2,5,6,8],[2,5,8,9],[2,6,7,9],[2,6,8,9],[3,4,5,7],[3,4,5,9],[3,4,6,8],[3,4,8,9],[3,5,6,7],[3,6,7,8],[3,7,8,9],[4,5,6,9],[4,6,8,9],[5,6,7,9]]

3402a_158=[[1,2,3,4],[1,2,3,5],[1,2,4,5],[1,3,4,6],[1,3,5,6],[1,4,5,7],[1,4,6,7],[1,5,6,8],[1,5,7,9],[1,5,8,9],[1,6,7,8],[1,7,8,9],[2,3,4,7],[2,3,5,9],[2,3,7,9],[2,4,5,6],[2,4,6,7],[2,5,6,8],[2,5,8,9],[2,6,7,9],[2,6,8,9],[3,4,5,7],[3,4,5,9],[3,4,6,9],[3,5,6,7],[3,6,7,8],[3,6,8,9],[3,7,8,9],[4,5,6,9],[5,6,7,9]]

3402a_159=[[1,2,3,4],[1,2,3,5],[1,2,4,5],[1,3,4,6],[1,3,5,6],[1,4,5,7],[1,4,6,7],[1,5,6,8],[1,5,7,9],[1,5,8,9],[1,6,7,8],[1,7,8,9],[2,3,4,7],[2,3,5,9],[2,3,7,9],[2,4,5,6],[2,4,6,8],[2,4,7,9],[2,4,8,9],[2,5,6,8],[2,5,8,9],[3,4,5,7],[3,4,5,9],[3,4,6,8],[3,4,8,9],[3,5,6,7],[3,6,7,8],[3,7,8,9],[4,5,6,9],[4,6,7,9],[5,6,7,9]]

3402a_160=[[1,2,3,4],[1,2,3,5],[1,2,4,5],[1,3,4,6],[1,3,5,6],[1,4,5,7],[1,4,6,7],[1,5,6,8],[1,5,7,9],[1,5,8,9],[1,6,7,8],[1,7,8,9],[2,3,4,7],[2,3,5,9],[2,3,7,9],[2,4,5,8],[2,4,6,7],[2,4,6,8],[2,5,8,9],[2,6,7,9],[2,6,8,9],[3,4,5,7],[3,4,5,9],[3,4,6,9],[3,5,6,7],[3,6,7,8],[3,6,8,9],[3,7,8,9],[4,5,6,8],[4,5,6,9],[5,6,7,9]]

3402a_161=[[1,2,3,4],[1,2,3,5],[1,2,4,5],[1,3,4,6],[1,3,5,6],[1,4,5,7],[1,4,6,7],[1,5,6,8],[1,5,7,9],[1,5,8,9],[1,6,7,8],[1,7,8,9],[2,3,4,7],[2,3,5,9],[2,3,7,9],[2,4,5,8],[2,4,6,7],[2,4,6,9],[2,4,8,9],[2,5,8,9],[2,6,7,9],[3,4,5,7],[3,4,5,9],[3,4,6,8],[3,4,8,9],[3,5,6,7],[3,6,7,8],[3,7,8,9],[4,5,6,8],[4,5,6,9],[5,6,7,9]]

3402a_162=[[1,2,3,4],[1,2,3,5],[1,2,4,5],[1,3,4,6],[1,3,5,6],[1,4,5,7],[1,4,6,7],[1,5,6,8],[1,5,7,9],[1,5,8,9],[1,6,7,8],[1,7,8,9],[2,3,4,7],[2,3,5,9],[2,3,7,9],[2,4,5,8],[2,4,7,9],[2,4,8,9],[2,5,8,9],[3,4,5,7],[3,4,5,9],[3,4,6,8],[3,4,8,9],[3,5,6,7],[3,6,7,8],[3,7,8,9],[4,5,6,8],[4,5,6,9],[4,6,7,9],[5,6,7,9]]

3402a_163=[[1,2,3,4],[1,2,3,5],[1,2,4,5],[1,3,4,6],[1,3,5,6],[1,4,5,7],[1,4,6,7],[1,5,6,8],[1,5,7,9],[1,5,8,9],[1,6,7,8],[1,7,8,9],[2,3,4,8],[2,3,5,7],[2,3,7,9],[2,3,8,9],[2,4,5,6],[2,4,6,7],[2,4,7,8],[2,5,6,7],[2,7,8,9],[3,4,6,8],[3,5,6,9],[3,5,7,8],[3,5,8,9],[3,6,7,8],[3,6,7,9],[4,5,6,8],[4,5,7,8],[5,6,7,9]]

3402a_164=[[1,2,3,4],[1,2,3,5],[1,2,4,5],[1,3,4,6],[1,3,5,6],[1,4,5,7],[1,4,6,7],[1,5,6,8],[1,5,7,9],[1,5,8,9],[1,6,7,8],[1,7,8,9],[2,3,4,8],[2,3,5,8],[2,4,5,9],[2,4,7,8],[2,4,7,9],[2,5,6,8],[2,5,6,9],[2,6,8,9],[2,7,8,9],[3,4,6,8],[3,5,6,7],[3,5,7,8],[3,6,7,8],[4,5,7,8],[4,5,8,9],[4,6,7,9],[4,6,8,9],[5,6,7,9]]

3402a_165=[[1,2,3,4],[1,2,3,5],[1,2,4,5],[1,3,4,6],[1,3,5,6],[1,4,5,7],[1,4,6,7],[1,5,6,8],[1,5,7,9],[1,5,8,9],[1,6,7,8],[1,7,8,9],[2,3,4,8],[2,3,5,8],[2,4,5,9],[2,4,7,8],[2,4,7,9],[2,5,6,8],[2,5,6,9],[2,6,8,9],[2,7,8,9],[3,4,6,8],[3,5,6,9],[3,5,7,8],[3,5,7,9],[3,6,7,8],[3,6,7,9],[4,5,7,8],[4,5,8,9],[4,6,7,9],[4,6,8,9]]

3402a_166=[[1,2,3,4],[1,2,3,5],[1,2,4,5],[1,3,4,6],[1,3,5,6],[1,4,5,7],[1,4,6,7],[1,5,6,8],[1,5,7,9],[1,5,8,9],[1,6,7,8],[1,7,8,9],[2,3,4,8],[2,3,5,8],[2,4,5,9],[2,4,7,8],[2,4,7,9],[2,5,6,8],[2,5,6,9],[2,6,8,9],[2,7,8,9],[3,4,6,9],[3,4,8,9],[3,5,6,7],[3,5,7,8],[3,6,7,8],[3,6,8,9],[4,5,7,8],[4,5,8,9],[4,6,7,9],[5,6,7,9]]

3402a_167=[[1,2,3,4],[1,2,3,5],[1,2,4,5],[1,3,4,6],[1,3,5,6],[1,4,5,7],[1,4,6,7],[1,5,6,8],[1,5,7,9],[1,5,8,9],[1,6,7,8],[1,7,8,9],[2,3,4,9],[2,3,5,7],[2,3,6,7],[2,3,6,9],[2,4,5,6],[2,4,6,7],[2,4,7,8],[2,4,8,9],[2,5,6,9],[2,5,7,9],[2,7,8,9],[3,4,5,7],[3,4,5,9],[3,4,6,8],[3,4,7,8],[3,5,6,9],[3,6,7,8],[4,5,6,8],[4,5,8,9]]

3402a_168=[[1,2,3,4],[1,2,3,5],[1,2,4,5],[1,3,4,6],[1,3,5,6],[1,4,5,7],[1,4,6,7],[1,5,6,8],[1,5,7,9],[1,5,8,9],[1,6,7,8],[1,7,8,9],[2,3,4,9],[2,3,5,7],[2,3,7,9],[2,4,5,6],[2,4,6,7],[2,4,7,8],[2,4,8,9],[2,5,6,7],[2,7,8,9],[3,4,6,8],[3,4,8,9],[3,5,6,9],[3,5,7,8],[3,5,8,9],[3,6,7,8],[3,6,7,9],[4,5,6,8],[4,5,7,8],[5,6,7,9]]

3402a_169=[[1,2,3,4],[1,2,3,5],[1,2,4,5],[1,3,4,6],[1,3,5,6],[1,4,5,7],[1,4,6,7],[1,5,6,8],[1,5,7,9],[1,5,8,9],[1,6,7,9],[1,6,8,9],[2,3,4,6],[2,3,5,7],[2,3,6,8],[2,3,7,9],[2,3,8,9],[2,4,5,8],[2,4,6,9],[2,4,8,9],[2,5,6,8],[2,5,6,9],[2,5,7,9],[3,5,6,9],[3,5,7,8],[3,5,8,9],[3,6,7,8],[3,6,7,9],[4,5,7,8],[4,6,7,8],[4,6,8,9]]

3402a_170=[[1,2,3,4],[1,2,3,5],[1,2,4,5],[1,3,4,6],[1,3,5,6],[1,4,5,7],[1,4,6,7],[1,5,6,8],[1,5,7,9],[1,5,8,9],[1,6,7,9],[1,6,8,9],[2,3,4,6],[2,3,5,8],[2,3,6,7],[2,3,7,9],[2,3,8,9],[2,4,5,9],[2,4,6,8],[2,4,8,9],[2,5,6,8],[2,5,6,9],[2,6,7,9],[3,5,6,9],[3,5,7,8],[3,5,7,9],[3,6,7,8],[3,6,8,9],[4,5,7,8],[4,5,8,9],[4,6,7,8]]

3402a_171=[[1,2,3,4],[1,2,3,5],[1,2,4,5],[1,3,4,6],[1,3,5,6],[1,4,5,7],[1,4,6,7],[1,5,6,8],[1,5,7,9],[1,5,8,9],[1,6,7,9],[1,6,8,9],[2,3,4,7],[2,3,5,6],[2,3,6,8],[2,3,7,8],[2,4,5,8],[2,4,6,7],[2,4,6,8],[2,5,6,7],[2,5,7,9],[2,5,8,9],[2,7,8,9],[3,4,6,9],[3,4,7,9],[3,6,7,8],[3,6,7,9],[4,5,7,8],[4,6,8,9],[4,7,8,9],[5,6,7,8]]

3402a_172=[[1,2,3,4],[1,2,3,5],[1,2,4,5],[1,3,4,6],[1,3,5,6],[1,4,5,7],[1,4,6,7],[1,5,6,8],[1,5,7,9],[1,5,8,9],[1,6,7,9],[1,6,8,9],[2,3,4,7],[2,3,5,6],[2,3,6,8],[2,3,7,8],[2,4,5,9],[2,4,6,7],[2,4,6,9],[2,5,6,7],[2,5,7,9],[2,6,8,9],[2,7,8,9],[3,4,6,9],[3,4,7,9],[3,6,7,8],[3,6,7,9],[4,5,7,8],[4,5,8,9],[4,7,8,9],[5,6,7,8]]

3402a_173=[[1,2,3,4],[1,2,3,5],[1,2,4,5],[1,3,4,6],[1,3,5,6],[1,4,5,7],[1,4,6,7],[1,5,6,8],[1,5,7,9],[1,5,8,9],[1,6,7,9],[1,6,8,9],[2,3,4,7],[2,3,5,7],[2,4,5,6],[2,4,6,8],[2,4,7,9],[2,4,8,9],[2,5,6,8],[2,5,7,8],[2,7,8,9],[3,4,6,8],[3,4,7,8],[3,5,6,9],[3,5,7,9],[3,6,8,9],[3,7,8,9],[4,5,6,9],[4,5,7,8],[4,5,8,9],[4,6,7,9]]

3402a_174=[[1,2,3,4],[1,2,3,5],[1,2,4,5],[1,3,4,6],[1,3,5,6],[1,4,5,7],[1,4,6,7],[1,5,6,8],[1,5,7,9],[1,5,8,9],[1,6,7,9],[1,6,8,9],[2,3,4,7],[2,3,5,8],[2,3,6,7],[2,3,6,8],[2,4,5,8],[2,4,6,7],[2,4,6,9],[2,4,8,9],[2,6,8,9],[3,4,6,8],[3,4,7,8],[3,5,6,9],[3,5,8,9],[3,6,7,9],[3,7,8,9],[4,5,6,8],[4,5,6,9],[4,5,7,9],[4,7,8,9]]

3402a_175=[[1,2,3,4],[1,2,3,5],[1,2,4,5],[1,3,4,6],[1,3,5,6],[1,4,5,7],[1,4,6,7],[1,5,6,8],[1,5,7,9],[1,5,8,9],[1,6,7,9],[1,6,8,9],[2,3,4,7],[2,3,5,8],[2,3,6,7],[2,3,6,8],[2,4,5,9],[2,4,6,8],[2,4,6,9],[2,4,7,8],[2,5,7,8],[2,5,7,9],[2,6,7,9],[3,4,5,7],[3,4,5,9],[3,4,6,9],[3,5,6,7],[3,5,8,9],[3,6,8,9],[4,6,7,8],[5,6,7,8]]

3402a_176=[[1,2,3,4],[1,2,3,5],[1,2,4,5],[1,3,4,6],[1,3,5,6],[1,4,5,7],[1,4,6,7],[1,5,6,8],[1,5,7,9],[1,5,8,9],[1,6,7,9],[1,6,8,9],[2,3,4,7],[2,3,5,8],[2,3,6,8],[2,3,6,9],[2,3,7,9],[2,4,5,9],[2,4,6,7],[2,4,6,9],[2,5,6,7],[2,5,6,8],[2,5,7,9],[3,4,5,7],[3,4,5,8],[3,4,6,8],[3,5,6,7],[3,6,7,9],[4,5,8,9],[4,6,8,9]]

3402a_177=[[1,2,3,4],[1,2,3,5],[1,2,4,5],[1,3,4,6],[1,3,5,6],[1,4,5,7],[1,4,6,7],[1,5,6,8],[1,5,7,9],[1,5,8,9],[1,6,7,9],[1,6,8,9],[2,3,4,7],[2,3,5,8],[2,3,6,8],[2,3,6,9],[2,3,7,9],[2,4,5,9],[2,4,6,7],[2,4,6,9],[2,5,6,7],[2,5,6,8],[2,5,7,9],[3,4,6,8],[3,4,7,8],[3,5,6,7],[3,5,7,8],[3,6,7,9],[4,5,7,8],[4,5,8,9],[4,6,8,9]]

3402a_178=[[1,2,3,4],[1,2,3,5],[1,2,4,5],[1,3,4,6],[1,3,5,6],[1,4,5,7],[1,4,6,7],[1,5,6,8],[1,5,7,9],[1,5,8,9],[1,6,7,9],[1,6,8,9],[2,3,4,7],[2,3,5,8],[2,3,6,8],[2,3,6,9],[2,3,7,9],[2,4,5,9],[2,4,6,7],[2,4,6,9],[2,5,7,8],[2,5,7,9],[2,6,7,8],[3,4,5,7],[3,4,5,8],[3,4,6,8],[3,5,6,7],[3,6,7,9],[4,5,8,9],[4,6,8,9],[5,6,7,8]]

3402a_179=[[1,2,3,4],[1,2,3,5],[1,2,4,5],[1,3,4,6],[1,3,5,6],[1,4,5,7],[1,4,6,7],[1,5,6,8],[1,5,7,9],[1,5,8,9],[1,6,7,9],[1,6,8,9],[2,3,4,7],[2,3,5,8],[2,3,7,8],[2,4,5,6],[2,4,6,7],[2,5,6,7],[2,5,7,8],[3,4,6,8],[3,4,7,9],[3,4,8,9],[3,5,6,7],[3,5,7,9],[3,5,8,9],[3,6,7,8],[4,5,6,8],[4,5,7,8],[4,7,8,9],[6,7,8,9]]

3402a_180=[[1,2,3,4],[1,2,3,5],[1,2,4,5],[1,3,4,6],[1,3,5,6],[1,4,5,7],[1,4,6,7],[1,5,6,8],[1,5,7,9],[1,5,8,9],[1,6,7,9],[1,6,8,9],[2,3,4,7],[2,3,5,8],[2,3,7,8],[2,4,5,6],[2,4,6,8],[2,4,7,8],[2,5,6,8],[3,4,5,7],[3,4,5,8],[3,4,6,8],[3,5,6,9],[3,5,7,9],[3,6,8,9],[3,7,8,9],[4,5,6,9],[4,5,8,9],[4,6,7,9],[4,7,8,9]]

3402a_181=[[1,2,3,4],[1,2,3,5],[1,2,4,5],[1,3,4,6],[1,3,5,6],[1,4,5,7],[1,4,6,7],[1,5,6,8],[1,5,7,9],[1,5,8,9],[1,6,7,9],[1,6,8,9],[2,3,4,7],[2,3,5,8],[2,3,7,8],[2,4,5,9],[2,4,6,7],[2,4,6,9],[2,5,6,7],[2,5,6,8],[2,5,7,9],[2,6,8,9],[2,7,8,9],[3,4,6,9],[3,4,7,9],[3,5,6,7],[3,5,7,8],[3,6,7,9],[4,5,7,8],[4,5,8,9],[4,7,8,9]]

3402a_182=[[1,2,3,4],[1,2,3,5],[1,2,4,5],[1,3,4,6],[1,3,5,6],[1,4,5,7],[1,4,6,7],[1,5,6,8],[1,5,7,9],[1,5,8,9],[1,6,7,9],[1,6,8,9],[2,3,4,7],[2,3,5,8],[2,3,7,8],[2,4,5,9],[2,4,6,8],[2,4,6,9],[2,4,7,8],[2,5,6,8],[2,5,6,9],[3,4,5,7],[3,4,5,8],[3,4,6,8],[3,5,6,9],[3,5,7,9],[3,6,8,9],[3,7,8,9],[4,5,8,9],[4,6,7,9],[4,7,8,9]]

3402a_183=[[1,2,3,4],[1,2,3,5],[1,2,4,5],[1,3,4,6],[1,3,5,6],[1,4,5,7],[1,4,6,7],[1,5,6,8],[1,5,7,9],[1,5,8,9],[1,6,7,9],[1,6,8,9],[2,3,4,7],[2,3,5,8],[2,3,7,8],[2,4,5,9],[2,4,7,9],[2,5,6,7],[2,5,6,8],[2,5,7,9],[2,6,7,8],[3,4,5,7],[3,4,5,9],[3,4,6,9],[3,5,6,7],[3,5,8,9],[3,6,7,9],[3,7,8,9],[4,6,7,8],[4,6,8,9],[4,7,8,9]]

3402a_184=[[1,2,3,4],[1,2,3,5],[1,2,4,5],[1,3,4,6],[1,3,5,6],[1,4,5,7],[1,4,6,7],[1,5,6,8],[1,5,7,9],[1,5,8,9],[1,6,7,9],[1,6,8,9],[2,3,4,7],[2,3,5,8],[2,3,7,8],[2,4,5,9],[2,4,7,9],[2,5,7,8],[2,5,7,9],[3,4,5,7],[3,4,5,9],[3,4,6,9],[3,5,6,7],[3,5,8,9],[3,6,7,9],[3,7,8,9],[4,6,7,8],[4,6,8,9],[4,7,8,9],[5,6,7,8]]

3402a_185=[[1,2,3,4],[1,2,3,5],[1,2,4,5],[1,3,4,6],[1,3,5,6],[1,4,5,7],[1,4,6,7],[1,5,6,8],[1,5,7,9],[1,5,8,9],[1,6,7,9],[1,6,8,9],[2,3,4,7],[2,3,5,8],[2,3,7,9],[2,3,8,9],[2,4,5,6],[2,4,6,8],[2,4,7,8],[2,5,6,8],[2,7,8,9],[3,4,5,7],[3,4,5,8],[3,4,6,8],[3,5,6,9],[3,5,7,9],[3,6,8,9],[4,5,6,9],[4,5,8,9],[4,6,7,9],[4,7,8,9]]

3402a_186=[[1,2,3,4],[1,2,3,5],[1,2,4,5],[1,3,4,6],[1,3,5,6],[1,4,5,7],[1,4,6,7],[1,5,6,8],[1,5,7,9],[1,5,8,9],[1,6,7,9],[1,6,8,9],[2,3,4,7],[2,3,5,8],[2,3,7,9],[2,3,8,9],[2,4,5,6],[2,4,6,8],[2,4,7,9],[2,4,8,9],[2,5,6,8],[3,4,5,7],[3,4,5,8],[3,4,6,8],[3,5,6,9],[3,5,7,9],[3,6,8,9],[4,5,6,9],[4,5,8,9],[4,6,7,9]]

3402a_187=[[1,2,3,4],[1,2,3,5],[1,2,4,5],[1,3,4,6],[1,3,5,6],[1,4,5,7],[1,4,6,7],[1,5,6,8],[1,5,7,9],[1,5,8,9],[1,6,7,9],[1,6,8,9],[2,3,4,7],[2,3,5,8],[2,3,7,9],[2,3,8,9],[2,4,5,6],[2,4,6,8],[2,4,7,9],[2,4,8,9],[2,5,6,8],[3,4,6,8],[3,4,7,8],[3,5,6,9],[3,5,7,8],[3,5,7,9],[3,6,8,9],[4,5,6,9],[4,5,7,8],[4,5,8,9],[4,6,7,9]]

3402a_188=[[1,2,3,4],[1,2,3,5],[1,2,4,5],[1,3,4,6],[1,3,5,6],[1,4,5,7],[1,4,6,7],[1,5,6,8],[1,5,7,9],[1,5,8,9],[1,6,7,9],[1,6,8,9],[2,3,4,7],[2,3,5,9],[2,3,6,7],[2,3,6,8],[2,3,8,9],[2,4,5,8],[2,4,6,7],[2,4,6,8],[2,5,8,9],[3,4,5,8],[3,4,5,9],[3,4,6,9],[3,4,7,8],[3,5,6,8],[3,6,7,9],[3,7,8,9],[4,5,7,9],[4,6,8,9],[4,7,8,9]]

3402a_189=[[1,2,3,4],[1,2,3,5],[1,2,4,5],[1,3,4,6],[1,3,5,6],[1,4,5,7],[1,4,6,7],[1,5,6,8],[1,5,7,9],[1,5,8,9],[1,6,7,9],[1,6,8,9],[2,3,4,7],[2,3,5,9],[2,3,7,8],[2,3,8,9],[2,4,5,6],[2,4,6,7],[2,5,6,7],[2,5,7,8],[2,5,8,9],[3,4,6,8],[3,4,7,9],[3,4,8,9],[3,5,6,7],[3,5,7,9],[3,6,7,8],[4,5,6,8],[4,5,7,8],[4,7,8,9],[6,7,8,9]]

3402a_190=[[1,2,3,4],[1,2,3,5],[1,2,4,5],[1,3,4,6],[1,3,5,6],[1,4,5,7],[1,4,6,7],[1,5,6,8],[1,5,7,9],[1,5,8,9],[1,6,7,9],[1,6,8,9],[2,3,4,8],[2,3,5,7],[2,3,6,7],[2,3,6,8],[2,4,5,9],[2,4,6,7],[2,4,6,8],[2,4,7,9],[2,5,7,9],[3,4,5,7],[3,4,5,9],[3,4,6,9],[3,4,7,8],[3,5,6,8],[3,5,8,9],[3,6,7,9],[3,7,8,9],[4,6,8,9],[4,7,8,9]]

3402a_191=[[1,2,3,4],[1,2,3,5],[1,2,4,5],[1,3,4,6],[1,3,5,6],[1,4,5,7],[1,4,6,7],[1,5,6,8],[1,5,7,9],[1,5,8,9],[1,6,7,9],[1,6,8,9],[2,3,4,8],[2,3,5,7],[2,3,7,8],[2,4,5,9],[2,4,7,8],[2,4,7,9],[2,5,6,7],[2,5,6,9],[2,6,7,9],[3,4,6,7],[3,4,7,9],[3,4,8,9],[3,5,6,9],[3,5,7,9],[3,6,7,8],[3,6,8,9],[4,5,7,8],[4,5,8,9],[5,6,7,8]]

3402a_192=[[1,2,3,4],[1,2,3,5],[1,2,4,5],[1,3,4,6],[1,3,5,6],[1,4,5,7],[1,4,6,7],[1,5,6,8],[1,5,7,9],[1,5,8,9],[1,6,7,9],[1,6,8,9],[2,3,4,8],[2,3,5,8],[2,4,5,9],[2,4,6,7],[2,4,6,8],[2,4,7,9],[2,5,6,7],[2,5,6,8],[2,5,7,9],[3,4,5,7],[3,4,5,9],[3,4,6,9],[3,4,7,8],[3,5,6,7],[3,5,8,9],[3,6,7,9],[3,7,8,9],[4,6,8,9],[4,7,8,9]]

3402a_193=[[1,2,3,4],[1,2,3,5],[1,2,4,5],[1,3,4,6],[1,3,5,6],[1,4,5,7],[1,4,6,7],[1,5,6,8],[1,5,7,9],[1,5,8,9],[1,6,7,9],[1,6,8,9],[2,3,4,8],[2,3,5,9],[2,3,7,8],[2,3,7,9],[2,4,5,6],[2,4,6,7],[2,4,7,9],[2,4,8,9],[2,5,6,7],[2,5,7,8],[2,5,8,9],[3,4,6,8],[3,5,6,7],[3,5,7,9],[3,6,7,8],[4,5,6,8],[4,5,7,8],[4,7,8,9],[6,7,8,9]]

3402a_194=[[1,2,3,4],[1,2,3,5],[1,2,4,5],[1,3,4,6],[1,3,5,6],[1,4,5,7],[1,4,6,7],[1,5,6,8],[1,5,7,9],[1,5,8,9],[1,6,7,9],[1,6,8,9],[2,3,4,9],[2,3,5,7],[2,3,6,7],[2,3,6,8],[2,3,8,9],[2,4,5,9],[2,5,6,8],[2,5,6,9],[2,5,7,8],[2,6,7,9],[2,7,8,9],[3,4,6,7],[3,4,7,9],[3,5,6,9],[3,5,7,9],[3,6,8,9],[4,5,7,8],[4,5,8,9],[4,7,8,9]]

3402a_195=[[1,2,3,4],[1,2,3,5],[1,2,4,5],[1,3,4,6],[1,3,5,6],[1,4,5,7],[1,4,6,7],[1,5,6,8],[1,5,7,9],[1,5,8,9],[1,6,7,9],[1,6,8,9],[2,3,4,9],[2,3,5,7],[2,3,7,8],[2,3,8,9],[2,4,5,8],[2,4,7,8],[2,4,7,9],[2,5,6,7],[2,5,6,9],[2,5,8,9],[2,6,7,9],[3,4,6,7],[3,4,7,9],[3,5,6,9],[3,5,7,9],[3,6,7,8],[3,6,8,9],[4,5,7,8],[5,6,7,8]]

3402a_196=[[1,2,3,4],[1,2,3,5],[1,2,4,5],[1,3,4,6],[1,3,5,6],[1,4,5,7],[1,4,6,7],[1,5,6,8],[1,5,7,9],[1,5,8,9],[1,6,7,9],[1,6,8,9],[2,3,4,9],[2,3,5,8],[2,3,6,8],[2,3,6,9],[2,4,5,9],[2,5,7,8],[2,5,7,9],[2,6,8,9],[2,7,8,9],[3,4,6,8],[3,4,7,8],[3,4,7,9],[3,5,6,9],[3,5,8,9],[3,7,8,9],[4,5,6,8],[4,5,6,9],[4,5,7,8],[4,6,7,9]]

3402a_197=[[1,2,3,4],[1,2,3,5],[1,2,4,5],[1,3,4,6],[1,3,5,6],[1,4,5,7],[1,4,6,7],[1,5,6,8],[1,5,7,9],[1,5,8,9],[1,6,7,9],[1,6,8,9],[2,3,4,9],[2,3,5,8],[2,3,7,8],[2,3,7,9],[2,4,5,6],[2,4,6,7],[2,4,7,9],[2,5,6,7],[2,5,7,8],[3,4,6,8],[3,4,8,9],[3,5,6,7],[3,5,7,9],[3,5,8,9],[3,6,7,8],[4,5,6,8],[4,5,7,8],[4,7,8,9],[6,7,8,9]]

3402a_198=[[1,2,3,4],[1,2,3,5],[1,2,4,5],[1,3,4,6],[1,3,5,6],[1,4,5,7],[1,4,6,8],[1,4,7,8],[1,5,6,8],[1,5,7,8],[2,3,4,6],[2,3,5,9],[2,3,6,8],[2,3,8,9],[2,4,5,8],[2,4,6,7],[2,4,7,8],[2,5,6,8],[2,5,6,9],[2,6,7,9],[2,7,8,9],[3,5,6,7],[3,5,7,9],[3,6,7,9],[3,6,8,9],[4,5,6,7],[4,5,6,9],[4,5,8,9],[4,6,8,9],[5,7,8,9]]

3402a_199=[[1,2,3,4],[1,2,3,5],[1,2,4,5],[1,3,4,6],[1,3,5,6],[1,4,5,7],[1,4,6,8],[1,4,7,8],[1,5,6,8],[1,5,7,8],[2,3,4,6],[2,3,5,9],[2,3,6,8],[2,3,8,9],[2,4,5,8],[2,4,6,9],[2,4,7,8],[2,4,7,9],[2,5,6,8],[2,5,6,9],[2,7,8,9],[3,5,6,7],[3,5,7,8],[3,5,8,9],[3,6,7,8],[4,5,7,9],[4,5,8,9],[4,6,8,9],[5,6,7,9],[6,7,8,9]]

3402a_200=[[1,2,3,4],[1,2,3,5],[1,2,4,5],[1,3,4,6],[1,3,5,6],[1,4,5,7],[1,4,6,8],[1,4,7,8],[1,5,6,8],[1,5,7,8],[2,3,4,7],[2,3,5,7],[2,4,5,6],[2,4,6,8],[2,4,7,9],[2,4,8,9],[2,5,6,9],[2,5,7,8],[2,5,8,9],[2,6,7,8],[2,6,7,9],[3,4,6,9],[3,4,7,8],[3,4,8,9],[3,5,6,7],[3,6,7,8],[3,6,8,9],[4,5,6,7],[4,6,7,9],[5,6,8,9]]

3402a_201=[[1,2,3,4],[1,2,3,5],[1,2,4,5],[1,3,4,6],[1,3,5,6],[1,4,5,7],[1,4,6,8],[1,4,7,8],[1,5,6,8],[1,5,7,8],[2,3,4,7],[2,3,5,8],[2,3,6,7],[2,3,6,9],[2,3,8,9],[2,4,5,9],[2,4,7,8],[2,4,8,9],[2,5,6,8],[2,5,6,9],[2,6,7,8],[3,4,5,7],[3,4,5,8],[3,4,6,8],[3,5,6,7],[3,6,8,9],[4,5,8,9],[5,6,7,9],[5,7,8,9],[6,7,8,9]]

3402a_202=[[1,2,3,4],[1,2,3,5],[1,2,4,5],[1,3,4,6],[1,3,5,6],[1,4,5,7],[1,4,6,8],[1,4,7,8],[1,5,6,8],[1,5,7,8],[2,3,4,7],[2,3,5,8],[2,3,7,9],[2,3,8,9],[2,4,5,9],[2,4,6,7],[2,4,6,8],[2,4,8,9],[2,5,6,7],[2,5,6,8],[2,5,7,9],[3,4,5,7],[3,4,5,9],[3,4,6,9],[3,5,6,7],[3,5,8,9],[3,6,7,9],[4,6,7,9],[4,7,8,9],[5,7,8,9]]

3402a_203=[[1,2,3,4],[1,2,3,5],[1,2,4,5],[1,3,4,6],[1,3,5,6],[1,4,5,7],[1,4,6,8],[1,4,7,8],[1,5,6,8],[1,5,7,8],[2,3,4,7],[2,3,5,9],[2,3,6,7],[2,3,6,8],[2,3,8,9],[2,4,5,8],[2,4,7,9],[2,4,8,9],[2,5,7,8],[2,5,7,9],[2,6,7,8],[3,4,5,7],[3,4,5,8],[3,4,6,8],[3,5,6,7],[3,5,8,9],[4,7,8,9],[5,6,7,9],[5,6,8,9],[6,7,8,9]]

3402a_204=[[1,2,3,4],[1,2,3,5],[1,2,4,5],[1,3,4,6],[1,3,5,6],[1,4,5,7],[1,4,6,8],[1,4,7,8],[1,5,6,8],[1,5,7,8],[2,3,4,7],[2,3,5,9],[2,3,6,7],[2,3,6,9],[2,4,5,6],[2,4,6,8],[2,4,7,9],[2,4,8,9],[2,5,6,7],[2,5,7,9],[2,6,8,9],[3,4,6,9],[3,4,7,8],[3,4,8,9],[3,5,6,7],[3,5,7,8],[3,5,8,9],[4,5,6,9],[4,5,7,9],[5,6,8,9]]

3402a_205=[[1,2,3,4],[1,2,3,5],[1,2,4,5],[1,3,4,6],[1,3,5,6],[1,4,5,7],[1,4,6,8],[1,4,7,8],[1,5,6,8],[1,5,7,8],[2,3,4,8],[2,3,5,9],[2,3,6,8],[2,3,6,9],[2,4,5,6],[2,4,6,8],[2,5,6,7],[2,5,7,9],[2,6,7,9],[3,4,6,9],[3,4,8,9],[3,5,6,7],[3,5,7,8],[3,5,8,9],[3,6,7,8],[4,5,6,9],[4,5,7,9],[4,7,8,9],[5,6,8,9],[6,7,8,9]]

3402a_206=[[1,2,3,4],[1,2,3,5],[1,2,4,5],[1,3,4,6],[1,3,5,6],[1,4,5,7],[1,4,6,8],[1,4,7,8],[1,5,6,9],[1,5,7,8],[1,5,8,9],[1,6,8,9],[2,3,4,6],[2,3,5,7],[2,3,6,9],[2,3,7,8],[2,3,8,9],[2,4,5,8],[2,4,6,9],[2,4,8,9],[2,5,7,8],[3,5,6,8],[3,5,7,9],[3,5,8,9],[3,6,7,8],[3,6,7,9],[4,5,6,8],[4,5,6,9],[4,5,7,9],[4,7,8,9],[6,7,8,9]]

3402a_207=[[1,2,3,4],[1,2,3,5],[1,2,4,5],[1,3,4,6],[1,3,5,6],[1,4,5,7],[1,4,6,8],[1,4,7,8],[1,5,6,9],[1,5,7,8],[1,5,8,9],[1,6,8,9],[2,3,4,6],[2,3,5,7],[2,3,6,9],[2,3,7,8],[2,3,8,9],[2,4,5,9],[2,4,6,8],[2,4,8,9],[2,5,6,8],[2,5,6,9],[2,5,7,8],[3,5,6,8],[3,5,7,9],[3,5,8,9],[3,6,7,8],[3,6,7,9],[4,5,7,9],[4,7,8,9],[6,7,8,9]]

3402a_208=[[1,2,3,4],[1,2,3,5],[1,2,4,5],[1,3,4,6],[1,3,5,6],[1,4,5,7],[1,4,6,8],[1,4,7,8],[1,5,6,9],[1,5,7,8],[1,5,8,9],[1,6,8,9],[2,3,4,6],[2,3,5,8],[2,3,6,9],[2,3,7,8],[2,3,7,9],[2,4,5,9],[2,4,6,7],[2,4,7,9],[2,5,6,8],[2,5,6,9],[2,6,7,8],[3,5,6,7],[3,5,7,8],[3,6,7,9],[4,5,6,7],[4,5,6,8],[4,5,8,9],[4,7,8,9],[6,7,8,9]]

3402a_209=[[1,2,3,4],[1,2,3,5],[1,2,4,5],[1,3,4,6],[1,3,5,6],[1,4,5,7],[1,4,6,8],[1,4,7,8],[1,5,6,9],[1,5,7,8],[1,5,8,9],[1,6,8,9],[2,3,4,6],[2,3,5,9],[2,3,6,7],[2,3,7,8],[2,3,8,9],[2,4,5,8],[2,4,6,7],[2,4,7,9],[2,4,8,9],[2,5,7,8],[2,5,7,9],[3,5,6,8],[3,5,8,9],[3,6,7,8],[4,5,6,7],[4,5,6,8],[4,7,8,9],[5,6,7,9],[6,7,8,9]]

3402a_210=[[1,2,3,4],[1,2,3,5],[1,2,4,5],[1,3,4,6],[1,3,5,6],[1,4,5,7],[1,4,6,8],[1,4,7,8],[1,5,6,9],[1,5,7,8],[1,5,8,9],[1,6,8,9],[2,3,4,7],[2,3,5,7],[2,4,5,6],[2,4,6,8],[2,4,7,9],[2,4,8,9],[2,5,6,9],[2,5,7,8],[2,5,8,9],[2,6,7,8],[2,6,7,9],[3,4,6,9],[3,4,7,8],[3,4,8,9],[3,5,6,7],[3,6,7,8],[3,6,8,9],[4,5,6,7],[4,6,7,9]]

3402a_211=[[1,2,3,4],[1,2,3,5],[1,2,4,5],[1,3,4,6],[1,3,5,6],[1,4,5,7],[1,4,6,8],[1,4,7,8],[1,5,6,9],[1,5,7,8],[1,5,8,9],[1,6,8,9],[2,3,4,7],[2,3,5,7],[2,4,5,6],[2,4,6,9],[2,4,7,8],[2,4,8,9],[2,5,6,9],[2,5,7,9],[2,7,8,9],[3,4,6,7],[3,5,6,7],[4,5,6,8],[4,5,7,9],[4,5,8,9],[4,6,7,9],[5,6,7,8],[6,7,8,9]]

3402a_212=[[1,2,3,4],[1,2,3,5],[1,2,4,5],[1,3,4,6],[1,3,5,6],[1,4,5,7],[1,4,6,8],[1,4,7,8],[1,5,6,9],[1,5,7,8],[1,5,8,9],[1,6,8,9],[2,3,4,7],[2,3,5,7],[2,4,5,6],[2,4,6,9],[2,4,7,8],[2,4,8,9],[2,5,6,9],[2,5,7,9],[2,7,8,9],[3,4,6,7],[3,5,6,8],[3,5,7,8],[3,6,7,8],[4,5,6,8],[4,5,7,9],[4,5,8,9],[4,6,7,9],[6,7,8,9]]

3402a_213=[[1,2,3,4],[1,2,3,5],[1,2,4,5],[1,3,4,6],[1,3,5,6],[1,4,5,7],[1,4,6,8],[1,4,7,8],[1,5,6,9],[1,5,7,8],[1,5,8,9],[1,6,8,9],[2,3,4,7],[2,3,5,7],[2,4,5,6],[2,4,6,9],[2,4,7,8],[2,4,8,9],[2,5,6,9],[2,5,7,9],[2,7,8,9],[3,4,6,7],[3,5,6,8],[3,5,7,8],[3,6,7,9],[3,6,8,9],[3,7,8,9],[4,5,6,8],[4,5,7,9],[4,5,8,9],[4,6,7,9]]

3402a_214=[[1,2,3,4],[1,2,3,5],[1,2,4,5],[1,3,4,6],[1,3,5,6],[1,4,5,7],[1,4,6,8],[1,4,7,8],[1,5,6,9],[1,5,7,8],[1,5,8,9],[1,6,8,9],[2,3,4,7],[2,3,5,7],[2,4,5,6],[2,4,6,9],[2,4,7,8],[2,4,8,9],[2,5,6,9],[2,5,7,9],[2,7,8,9],[3,4,6,9],[3,4,7,9],[3,5,6,8],[3,5,7,8],[3,6,7,8],[3,6,7,9],[4,5,6,8],[4,5,7,9],[4,5,8,9],[6,7,8,9]]

3402a_215=[[1,2,3,4],[1,2,3,5],[1,2,4,5],[1,3,4,6],[1,3,5,6],[1,4,5,7],[1,4,6,8],[1,4,7,8],[1,5,6,9],[1,5,7,8],[1,5,8,9],[1,6,8,9],[2,3,4,7],[2,3,5,7],[2,4,5,6],[2,4,6,9],[2,4,7,8],[2,4,8,9],[2,5,6,9],[2,5,7,9],[2,7,8,9],[3,4,6,9],[3,4,7,9],[3,5,6,8],[3,5,7,8],[3,6,8,9],[3,7,8,9],[4,5,6,8],[4,5,7,9],[4,5,8,9]]

3402a_216=[[1,2,3,4],[1,2,3,5],[1,2,4,5],[1,3,4,6],[1,3,5,6],[1,4,5,7],[1,4,6,8],[1,4,7,8],[1,5,6,9],[1,5,7,8],[1,5,8,9],[1,6,8,9],[2,3,4,7],[2,3,5,7],[2,4,5,9],[2,4,6,8],[2,4,6,9],[2,4,7,8],[2,5,6,7],[2,5,6,8],[2,5,8,9],[2,6,7,9],[2,7,8,9],[3,4,6,7],[3,5,6,8],[3,5,7,8],[3,6,7,8],[4,5,6,7],[4,5,6,9],[6,7,8,9]]

3402a_217=[[1,2,3,4],[1,2,3,5],[1,2,4,5],[1,3,4,6],[1,3,5,6],[1,4,5,7],[1,4,6,8],[1,4,7,8],[1,5,6,9],[1,5,7,8],[1,5,8,9],[1,6,8,9],[2,3,4,7],[2,3,5,7],[2,4,5,9],[2,4,6,8],[2,4,6,9],[2,4,7,8],[2,5,6,7],[2,5,6,8],[2,5,8,9],[2,6,7,9],[2,7,8,9],[3,4,6,7],[3,5,6,8],[3,5,7,8],[3,6,7,9],[3,6,8,9],[3,7,8,9],[4,5,6,7],[4,5,6,9]]

3402a_218=[[1,2,3,4],[1,2,3,5],[1,2,4,5],[1,3,4,6],[1,3,5,6],[1,4,5,7],[1,4,6,8],[1,4,7,8],[1,5,6,9],[1,5,7,8],[1,5,8,9],[1,6,8,9],[2,3,4,7],[2,3,5,8],[2,3,6,7],[2,3,6,8],[2,4,5,6],[2,4,6,8],[2,4,7,8],[2,5,6,9],[2,5,7,8],[2,5,7,9],[2,6,7,9],[3,4,6,9],[3,4,7,9],[3,5,6,7],[3,5,7,9],[3,5,8,9],[3,6,8,9],[4,5,6,7],[4,6,7,9]]

3402a_219=[[1,2,3,4],[1,2,3,5],[1,2,4,5],[1,3,4,6],[1,3,5,6],[1,4,5,7],[1,4,6,8],[1,4,7,8],[1,5,6,9],[1,5,7,8],[1,5,8,9],[1,6,8,9],[2,3,4,7],[2,3,5,8],[2,3,6,7],[2,3,6,8],[2,4,5,6],[2,4,6,8],[2,4,7,9],[2,4,8,9],[2,5,6,7],[2,5,7,9],[2,5,8,9],[3,4,6,9],[3,4,7,8],[3,4,8,9],[3,5,6,7],[3,5,7,8],[3,6,8,9],[4,5,6,9],[4,5,7,9]]

3402a_220=[[1,2,3,4],[1,2,3,5],[1,2,4,5],[1,3,4,6],[1,3,5,6],[1,4,5,7],[1,4,6,8],[1,4,7,8],[1,5,6,9],[1,5,7,8],[1,5,8,9],[1,6,8,9],[2,3,4,7],[2,3,5,8],[2,3,6,7],[2,3,6,9],[2,3,8,9],[2,4,5,9],[2,4,7,9],[2,5,8,9],[2,6,7,9],[3,4,5,7],[3,4,5,8],[3,4,6,9],[3,4,8,9],[3,5,6,7],[4,5,6,8],[4,5,6,9],[4,7,8,9],[5,6,7,8],[6,7,8,9]]

3402a_221=[[1,2,3,4],[1,2,3,5],[1,2,4,5],[1,3,4,6],[1,3,5,6],[1,4,5,7],[1,4,6,8],[1,4,7,8],[1,5,6,9],[1,5,7,8],[1,5,8,9],[1,6,8,9],[2,3,4,7],[2,3,5,8],[2,3,7,9],[2,3,8,9],[2,4,5,6],[2,4,6,9],[2,4,7,8],[2,4,8,9],[2,5,6,7],[2,5,7,8],[2,6,7,9],[3,4,6,9],[3,4,7,9],[3,5,6,8],[3,6,8,9],[4,5,6,8],[4,5,7,9],[4,5,8,9],[5,6,7,9]]

3402a_222=[[1,2,3,4],[1,2,3,5],[1,2,4,5],[1,3,4,6],[1,3,5,6],[1,4,5,7],[1,4,6,8],[1,4,7,8],[1,5,6,9],[1,5,7,8],[1,5,8,9],[1,6,8,9],[2,3,4,7],[2,3,5,8],[2,3,7,9],[2,3,8,9],[2,4,5,6],[2,4,6,9],[2,4,7,9],[2,5,6,9],[2,5,8,9],[3,4,5,7],[3,4,5,8],[3,4,6,9],[3,4,8,9],[3,5,6,7],[3,6,7,9],[4,5,6,8],[4,7,8,9],[5,6,7,8],[6,7,8,9]]

3402a_223=[[1,2,3,4],[1,2,3,5],[1,2,4,5],[1,3,4,6],[1,3,5,6],[1,4,5,7],[1,4,6,8],[1,4,7,8],[1,5,6,9],[1,5,7,8],[1,5,8,9],[1,6,8,9],[2,3,4,7],[2,3,5,8],[2,3,7,9],[2,3,8,9],[2,4,5,9],[2,4,7,9],[2,5,8,9],[3,4,5,7],[3,4,5,8],[3,4,6,9],[3,4,8,9],[3,5,6,7],[3,6,7,9],[4,5,6,8],[4,5,6,9],[4,7,8,9],[5,6,7,8],[6,7,8,9]]

3402a_224=[[1,2,3,4],[1,2,3,5],[1,2,4,5],[1,3,4,6],[1,3,5,6],[1,4,5,7],[1,4,6,8],[1,4,7,8],[1,5,6,9],[1,5,7,8],[1,5,8,9],[1,6,8,9],[2,3,4,7],[2,3,5,9],[2,3,6,7],[2,3,6,8],[2,3,8,9],[2,4,5,8],[2,4,7,8],[2,5,6,8],[2,5,6,9],[2,6,7,9],[2,7,8,9],[3,4,5,7],[3,4,5,8],[3,4,6,8],[3,5,6,7],[3,5,8,9],[5,6,7,8],[6,7,8,9]]

3402a_225=[[1,2,3,4],[1,2,3,5],[1,2,4,5],[1,3,4,6],[1,3,5,6],[1,4,5,7],[1,4,6,8],[1,4,7,8],[1,5,6,9],[1,5,7,8],[1,5,8,9],[1,6,8,9],[2,3,4,7],[2,3,5,9],[2,3,6,7],[2,3,6,8],[2,3,8,9],[2,4,5,8],[2,4,7,8],[2,5,6,8],[2,5,6,9],[2,6,7,9],[2,7,8,9],[3,4,5,7],[3,4,5,9],[3,4,6,8],[3,4,8,9],[3,5,6,7],[4,5,8,9],[5,6,7,8],[6,7,8,9]]

3402a_226=[[1,2,3,4],[1,2,3,5],[1,2,4,5],[1,3,4,6],[1,3,5,6],[1,4,5,7],[1,4,6,8],[1,4,7,8],[1,5,6,9],[1,5,7,8],[1,5,8,9],[1,6,8,9],[2,3,4,7],[2,3,5,9],[2,3,6,7],[2,3,6,8],[2,3,8,9],[2,4,5,8],[2,4,7,9],[2,4,8,9],[2,5,6,8],[2,5,6,9],[2,6,7,9],[3,4,5,7],[3,4,5,8],[3,4,6,8],[3,5,6,7],[3,5,8,9],[4,7,8,9],[5,6,7,8],[6,7,8,9]]

3402a_227=[[1,2,3,4],[1,2,3,5],[1,2,4,5],[1,3,4,6],[1,3,5,6],[1,4,5,7],[1,4,6,8],[1,4,7,8],[1,5,6,9],[1,5,7,8],[1,5,8,9],[1,6,8,9],[2,3,4,7],[2,3,5,9],[2,3,6,7],[2,3,6,8],[2,3,8,9],[2,4,5,8],[2,4,7,9],[2,4,8,9],[2,5,7,8],[2,5,7,9],[2,6,7,8],[3,4,5,7],[3,4,5,8],[3,4,6,8],[3,5,6,7],[3,5,8,9],[4,7,8,9],[5,6,7,9],[6,7,8,9]]

3402a_228=[[1,2,3,4],[1,2,3,5],[1,2,4,5],[1,3,4,6],[1,3,5,6],[1,4,5,7],[1,4,6,8],[1,4,7,8],[1,5,6,9],[1,5,7,8],[1,5,8,9],[1,6,8,9],[2,3,4,7],[2,3,5,9],[2,3,6,7],[2,3,6,9],[2,4,5,6],[2,4,6,8],[2,4,7,9],[2,4,8,9],[2,5,6,7],[2,5,7,9],[2,6,8,9],[3,4,6,9],[3,4,7,8],[3,4,8,9],[3,5,6,7],[3,5,7,8],[3,5,8,9],[4,5,6,9],[4,5,7,9]]

3402a_229=[[1,2,3,4],[1,2,3,5],[1,2,4,5],[1,3,4,6],[1,3,5,6],[1,4,5,7],[1,4,6,8],[1,4,7,8],[1,5,6,9],[1,5,7,8],[1,5,8,9],[1,6,8,9],[2,3,4,7],[2,3,5,9],[2,3,6,7],[2,3,6,9],[2,4,5,9],[2,4,7,8],[2,4,8,9],[2,6,7,8],[2,6,8,9],[3,4,5,7],[3,4,5,8],[3,4,6,9],[3,4,8,9],[3,5,6,7],[3,5,8,9],[4,5,6,8],[4,5,6,9],[5,6,7,8]]

3402a_230=[[1,2,3,4],[1,2,3,5],[1,2,4,5],[1,3,4,6],[1,3,5,6],[1,4,5,7],[1,4,6,8],[1,4,7,8],[1,5,6,9],[1,5,7,8],[1,5,8,9],[1,6,8,9],[2,3,4,7],[2,3,5,9],[2,3,6,7],[2,3,6,9],[2,4,5,9],[2,4,7,8],[2,4,8,9],[2,6,7,9],[2,7,8,9],[3,4,5,7],[3,4,5,8],[3,4,6,9],[3,4,8,9],[3,5,6,7],[3,5,8,9],[4,5,6,8],[4,5,6,9],[5,6,7,8],[6,7,8,9]]

3402a_231=[[1,2,3,4],[1,2,3,5],[1,2,4,5],[1,3,4,6],[1,3,5,6],[1,4,5,7],[1,4,6,8],[1,4,7,8],[1,5,6,9],[1,5,7,8],[1,5,8,9],[1,6,8,9],[2,3,4,7],[2,3,5,9],[2,3,7,8],[2,3,8,9],[2,4,5,6],[2,4,6,8],[2,4,7,9],[2,4,8,9],[2,5,6,8],[2,5,7,8],[2,5,7,9],[3,4,6,7],[3,5,6,8],[3,5,8,9],[3,6,7,8],[4,5,6,7],[4,7,8,9],[5,6,7,9],[6,7,8,9]]

3402a_232=[[1,2,3,4],[1,2,3,5],[1,2,4,5],[1,3,4,6],[1,3,5,6],[1,4,5,7],[1,4,6,8],[1,4,7,8],[1,5,6,9],[1,5,7,8],[1,5,8,9],[1,6,8,9],[2,3,4,7],[2,3,5,9],[2,3,7,8],[2,3,8,9],[2,4,5,6],[2,4,6,9],[2,4,7,8],[2,4,8,9],[2,5,6,9],[3,4,5,7],[3,4,5,9],[3,4,6,9],[3,5,6,7],[3,6,7,8],[3,6,8,9],[4,5,6,8],[4,5,8,9],[5,6,7,8]]

3402a_233=[[1,2,3,4],[1,2,3,5],[1,2,4,5],[1,3,4,6],[1,3,5,6],[1,4,5,7],[1,4,6,8],[1,4,7,8],[1,5,6,9],[1,5,7,8],[1,5,8,9],[1,6,8,9],[2,3,4,7],[2,3,5,9],[2,3,7,8],[2,3,8,9],[2,4,5,6],[2,4,6,9],[2,4,7,8],[2,4,8,9],[2,5,6,9],[3,4,6,7],[3,5,6,8],[3,5,7,8],[3,5,7,9],[3,6,7,9],[3,6,8,9],[4,5,6,8],[4,5,7,9],[4,5,8,9],[4,6,7,9]]

3402a_234=[[1,2,3,4],[1,2,3,5],[1,2,4,5],[1,3,4,6],[1,3,5,6],[1,4,5,7],[1,4,6,8],[1,4,7,8],[1,5,6,9],[1,5,7,8],[1,5,8,9],[1,6,8,9],[2,3,4,7],[2,3,5,9],[2,3,7,8],[2,3,8,9],[2,4,5,6],[2,4,6,9],[2,4,7,8],[2,4,8,9],[2,5,6,9],[3,4,6,9],[3,4,7,9],[3,5,6,7],[3,5,7,9],[3,6,7,8],[3,6,8,9],[4,5,6,8],[4,5,7,9],[4,5,8,9],[5,6,7,8]]

3402a_235=[[1,2,3,4],[1,2,3,5],[1,2,4,5],[1,3,4,6],[1,3,5,6],[1,4,5,7],[1,4,6,8],[1,4,7,8],[1,5,6,9],[1,5,7,8],[1,5,8,9],[1,6,8,9],[2,3,4,7],[2,3,5,9],[2,3,7,8],[2,3,8,9],[2,4,5,6],[2,4,6,9],[2,4,7,8],[2,4,8,9],[2,5,6,9],[3,4,6,9],[3,4,7,9],[3,5,6,8],[3,5,7,8],[3,5,7,9],[3,6,8,9],[4,5,6,8],[4,5,7,9],[4,5,8,9]]

3402a_236=[[1,2,3,4],[1,2,3,5],[1,2,4,5],[1,3,4,6],[1,3,5,6],[1,4,5,7],[1,4,6,8],[1,4,7,8],[1,5,6,9],[1,5,7,8],[1,5,8,9],[1,6,8,9],[2,3,4,7],[2,3,5,9],[2,3,7,8],[2,3,8,9],[2,4,5,6],[2,4,6,9],[2,4,7,9],[2,5,6,9],[2,7,8,9],[3,4,5,7],[3,4,5,9],[3,4,6,9],[3,5,6,7],[3,6,7,8],[3,6,8,9],[4,5,6,8],[4,5,8,9],[4,7,8,9],[5,6,7,8]]

3402a_237=[[1,2,3,4],[1,2,3,5],[1,2,4,5],[1,3,4,6],[1,3,5,6],[1,4,5,7],[1,4,6,8],[1,4,7,8],[1,5,6,9],[1,5,7,8],[1,5,8,9],[1,6,8,9],[2,3,4,7],[2,3,5,9],[2,3,7,8],[2,3,8,9],[2,4,5,8],[2,4,7,9],[2,4,8,9],[2,5,6,7],[2,5,6,9],[2,5,7,8],[2,6,7,9],[3,4,5,7],[3,4,5,8],[3,4,6,8],[3,5,6,7],[3,5,8,9],[3,6,7,8],[4,7,8,9],[6,7,8,9]]

3402a_238=[[1,2,3,4],[1,2,3,5],[1,2,4,5],[1,3,4,6],[1,3,5,6],[1,4,5,7],[1,4,6,8],[1,4,7,8],[1,5,6,9],[1,5,7,8],[1,5,8,9],[1,6,8,9],[2,3,4,7],[2,3,5,9],[2,3,7,8],[2,3,8,9],[2,4,5,8],[2,4,7,9],[2,4,8,9],[2,5,7,8],[2,5,7,9],[3,4,5,7],[3,4,5,8],[3,4,6,8],[3,5,6,7],[3,5,8,9],[3,6,7,8],[4,7,8,9],[5,6,7,9],[6,7,8,9]]

3402a_239=[[1,2,3,4],[1,2,3,5],[1,2,4,5],[1,3,4,6],[1,3,5,6],[1,4,5,7],[1,4,6,8],[1,4,7,8],[1,5,6,9],[1,5,7,8],[1,5,8,9],[1,6,8,9],[2,3,4,7],[2,3,5,9],[2,3,7,8],[2,3,8,9],[2,4,5,8],[2,4,7,9],[2,4,8,9],[2,5,7,8],[2,5,7,9],[3,4,6,7],[3,5,6,8],[3,5,8,9],[3,6,7,8],[4,5,6,7],[4,5,6,8],[4,7,8,9],[5,6,7,9],[6,7,8,9]]

3402a_240=[[1,2,3,4],[1,2,3,5],[1,2,4,5],[1,3,4,6],[1,3,5,6],[1,4,5,7],[1,4,6,8],[1,4,7,8],[1,5,6,9],[1,5,7,8],[1,5,8,9],[1,6,8,9],[2,3,4,7],[2,3,5,9],[2,3,7,9],[2,4,5,6],[2,4,6,9],[2,4,7,9],[2,5,6,9],[3,4,5,7],[3,4,5,8],[3,4,6,9],[3,4,8,9],[3,5,6,7],[3,5,8,9],[3,6,7,9],[4,5,6,8],[4,7,8,9],[5,6,7,8],[6,7,8,9]]

3402a_241=[[1,2,3,4],[1,2,3,5],[1,2,4,5],[1,3,4,6],[1,3,5,6],[1,4,5,7],[1,4,6,8],[1,4,7,8],[1,5,6,9],[1,5,7,8],[1,5,8,9],[1,6,8,9],[2,3,4,7],[2,3,5,9],[2,3,7,9],[2,4,5,6],[2,4,6,9],[2,4,7,9],[2,5,6,9],[3,4,5,7],[3,4,5,9],[3,4,6,9],[3,5,6,7],[3,6,7,8],[3,6,8,9],[3,7,8,9],[4,5,6,8],[4,5,8,9],[4,7,8,9],[5,6,7,8]]

3402a_242=[[1,2,3,4],[1,2,3,5],[1,2,4,5],[1,3,4,6],[1,3,5,6],[1,4,5,7],[1,4,6,8],[1,4,7,8],[1,5,6,9],[1,5,7,8],[1,5,8,9],[1,6,8,9],[2,3,4,7],[2,3,5,9],[2,3,7,9],[2,4,5,6],[2,4,6,9],[2,4,7,9],[2,5,6,9],[3,4,5,7],[3,4,5,9],[3,4,6,9],[3,5,6,7],[3,6,7,9],[4,5,6,8],[4,5,8,9],[4,7,8,9],[5,6,7,8],[6,7,8,9]]

3402a_243=[[1,2,3,4],[1,2,3,5],[1,2,4,5],[1,3,4,6],[1,3,5,6],[1,4,5,7],[1,4,6,8],[1,4,7,8],[1,5,6,9],[1,5,7,8],[1,5,8,9],[1,6,8,9],[2,3,4,7],[2,3,5,9],[2,3,7,9],[2,4,5,6],[2,4,6,9],[2,4,7,9],[2,5,6,9],[3,4,5,7],[3,4,5,9],[3,4,6,9],[3,5,6,8],[3,5,7,8],[3,6,7,8],[3,6,7,9],[4,5,6,8],[4,5,8,9],[4,7,8,9],[6,7,8,9]]

3402a_244=[[1,2,3,4],[1,2,3,5],[1,2,4,5],[1,3,4,6],[1,3,5,6],[1,4,5,7],[1,4,6,8],[1,4,7,8],[1,5,6,9],[1,5,7,8],[1,5,8,9],[1,6,8,9],[2,3,4,7],[2,3,5,9],[2,3,7,9],[2,4,5,8],[2,4,6,8],[2,4,6,9],[2,4,7,9],[2,5,6,8],[2,5,6,9],[3,4,5,7],[3,4,5,8],[3,4,6,9],[3,4,8,9],[3,5,6,7],[3,5,8,9],[3,6,7,9],[4,7,8,9],[5,6,7,8],[6,7,8,9]]

3402a_245=[[1,2,3,4],[1,2,3,5],[1,2,4,5],[1,3,4,6],[1,3,5,6],[1,4,5,7],[1,4,6,8],[1,4,7,8],[1,5,6,9],[1,5,7,8],[1,5,8,9],[1,6,8,9],[2,3,4,7],[2,3,5,9],[2,3,7,9],[2,4,5,8],[2,4,6,8],[2,4,6,9],[2,4,7,9],[2,5,6,8],[2,5,6,9],[3,4,5,7],[3,4,5,9],[3,4,6,9],[3,5,6,7],[3,6,7,8],[3,6,8,9],[3,7,8,9],[4,5,8,9],[4,7,8,9],[5,6,7,8]]

3402a_246=[[1,2,3,4],[1,2,3,5],[1,2,4,5],[1,3,4,6],[1,3,5,6],[1,4,5,7],[1,4,6,8],[1,4,7,8],[1,5,6,9],[1,5,7,8],[1,5,8,9],[1,6,8,9],[2,3,4,7],[2,3,5,9],[2,3,7,9],[2,4,5,8],[2,4,6,8],[2,4,6,9],[2,4,7,9],[2,5,6,8],[2,5,6,9],[3,4,5,7],[3,4,5,9],[3,4,6,9],[3,5,6,7],[3,6,7,9],[4,5,8,9],[4,7,8,9],[5,6,7,8],[6,7,8,9]]

3402a_247=[[1,2,3,4],[1,2,3,5],[1,2,4,5],[1,3,4,6],[1,3,5,6],[1,4,5,7],[1,4,6,8],[1,4,7,8],[1,5,6,9],[1,5,7,8],[1,5,8,9],[1,6,8,9],[2,3,4,7],[2,3,5,9],[2,3,7,9],[2,4,5,8],[2,4,6,8],[2,4,6,9],[2,4,7,9],[2,5,6,8],[2,5,6,9],[3,4,5,7],[3,4,5,9],[3,4,6,9],[3,5,6,8],[3,5,7,8],[3,6,7,8],[3,6,7,9],[4,5,8,9],[4,7,8,9],[6,7,8,9]]

3402a_248=[[1,2,3,4],[1,2,3,5],[1,2,4,5],[1,3,4,6],[1,3,5,6],[1,4,5,7],[1,4,6,8],[1,4,7,8],[1,5,6,9],[1,5,7,8],[1,5,8,9],[1,6,8,9],[2,3,4,8],[2,3,5,6],[2,3,6,7],[2,3,7,8],[2,4,5,9],[2,4,6,7],[2,4,6,8],[2,4,7,9],[2,5,6,8],[2,5,8,9],[2,7,8,9],[3,4,6,9],[3,4,7,8],[3,4,7,9],[3,6,7,9],[4,5,6,7],[4,5,6,9],[5,6,7,8],[6,7,8,9]]

3402a_249=[[1,2,3,4],[1,2,3,5],[1,2,4,5],[1,3,4,6],[1,3,5,6],[1,4,5,7],[1,4,6,8],[1,4,7,8],[1,5,6,9],[1,5,7,8],[1,5,8,9],[1,6,8,9],[2,3,4,8],[2,3,5,7],[2,3,6,7],[2,3,6,8],[2,4,5,6],[2,4,6,8],[2,5,6,7],[3,4,6,7],[3,4,7,8],[3,5,6,8],[3,5,7,9],[3,5,8,9],[3,7,8,9],[4,5,6,9],[4,5,7,9],[4,6,7,9],[5,6,7,8],[6,7,8,9]]

3402a_250=[[1,2,3,4],[1,2,3,5],[1,2,4,5],[1,3,4,6],[1,3,5,6],[1,4,5,7],[1,4,6,8],[1,4,7,8],[1,5,6,9],[1,5,7,8],[1,5,8,9],[1,6,8,9],[2,3,4,8],[2,3,5,7],[2,3,6,7],[2,3,6,8],[2,4,5,9],[2,4,6,8],[2,4,6,9],[2,5,6,7],[2,5,6,9],[3,4,6,7],[3,4,7,8],[3,5,6,8],[3,5,7,9],[3,5,8,9],[3,7,8,9],[4,5,7,9],[4,6,7,9],[5,6,7,8],[6,7,8,9]]

3402a_251=[[1,2,3,4],[1,2,3,5],[1,2,4,5],[1,3,4,6],[1,3,5,6],[1,4,5,7],[1,4,6,8],[1,4,7,8],[1,5,6,9],[1,5,7,8],[1,5,8,9],[1,6,8,9],[2,3,4,8],[2,3,5,7],[2,3,7,8],[2,4,5,6],[2,4,6,9],[2,4,8,9],[2,5,6,9],[2,5,7,9],[2,7,8,9],[3,4,6,7],[3,4,7,8],[3,5,6,7],[4,5,6,8],[4,5,7,9],[4,5,8,9],[4,6,7,9],[5,6,7,8],[6,7,8,9]]

3402a_252=[[1,2,3,4],[1,2,3,5],[1,2,4,5],[1,3,4,6],[1,3,5,6],[1,4,5,7],[1,4,6,8],[1,4,7,8],[1,5,6,9],[1,5,7,8],[1,5,8,9],[1,6,8,9],[2,3,4,8],[2,3,5,7],[2,3,7,8],[2,4,5,6],[2,4,6,9],[2,4,8,9],[2,5,6,9],[2,5,7,9],[2,7,8,9],[3,4,6,9],[3,4,7,8],[3,4,7,9],[3,5,6,7],[3,6,7,9],[4,5,6,8],[4,5,7,9],[4,5,8,9],[5,6,7,8],[6,7,8,9]]

3402a_253=[[1,2,3,4],[1,2,3,5],[1,2,4,5],[1,3,4,6],[1,3,5,6],[1,4,5,7],[1,4,6,8],[1,4,7,8],[1,5,6,9],[1,5,7,8],[1,5,8,9],[1,6,8,9],[2,3,4,8],[2,3,5,7],[2,3,7,8],[2,4,5,9],[2,4,6,8],[2,4,6,9],[2,5,6,7],[2,5,6,8],[2,5,8,9],[2,6,7,9],[2,7,8,9],[3,4,6,9],[3,4,8,9],[3,5,6,8],[3,5,7,8],[3,6,8,9],[4,5,7,9],[4,7,8,9],[5,6,7,9]]

3402a_254=[[1,2,3,4],[1,2,3,5],[1,2,4,5],[1,3,4,6],[1,3,5,6],[1,4,5,7],[1,4,6,8],[1,4,7,8],[1,5,6,9],[1,5,7,8],[1,5,8,9],[1,6,8,9],[2,3,4,8],[2,3,5,7],[2,3,7,9],[2,3,8,9],[2,4,5,6],[2,4,6,7],[2,4,7,9],[2,4,8,9],[2,5,6,7],[3,4,6,7],[3,4,7,8],[3,5,6,8],[3,5,7,8],[3,6,7,9],[3,6,8,9],[4,5,6,8],[4,5,7,9],[4,5,8,9],[5,6,7,9]]

3402a_255=[[1,2,3,4],[1,2,3,5],[1,2,4,5],[1,3,4,6],[1,3,5,6],[1,4,5,7],[1,4,6,8],[1,4,7,8],[1,5,6,9],[1,5,7,8],[1,5,8,9],[1,6,8,9],[2,3,4,8],[2,3,5,7],[2,3,7,9],[2,3,8,9],[2,4,5,6],[2,4,6,9],[2,4,8,9],[2,5,6,9],[2,5,7,9],[3,4,6,7],[3,4,7,8],[3,5,6,7],[3,7,8,9],[4,5,6,8],[4,5,7,9],[4,5,8,9],[4,6,7,9],[5,6,7,8],[6,7,8,9]]

3402a_256=[[1,2,3,4],[1,2,3,5],[1,2,4,5],[1,3,4,6],[1,3,5,6],[1,4,5,7],[1,4,6,8],[1,4,7,8],[1,5,6,9],[1,5,7,8],[1,5,8,9],[1,6,8,9],[2,3,4,8],[2,3,5,7],[2,3,7,9],[2,3,8,9],[2,4,5,6],[2,4,6,9],[2,4,8,9],[2,5,6,9],[2,5,7,9],[3,4,6,7],[3,4,7,8],[3,5,6,8],[3,5,7,8],[3,6,7,9],[3,6,8,9],[4,5,6,8],[4,5,7,9],[4,5,8,9],[4,6,7,9]]

3402a_257=[[1,2,3,4],[1,2,3,5],[1,2,4,5],[1,3,4,6],[1,3,5,6],[1,4,5,7],[1,4,6,8],[1,4,7,8],[1,5,6,9],[1,5,7,8],[1,5,8,9],[1,6,8,9],[2,3,4,8],[2,3,5,7],[2,3,7,9],[2,3,8,9],[2,4,5,9],[2,4,6,7],[2,4,6,8],[2,4,7,9],[2,5,6,7],[2,5,6,8],[2,5,8,9],[3,4,6,9],[3,4,7,8],[3,4,7,9],[3,5,6,8],[3,5,7,8],[3,6,8,9],[4,5,6,7],[4,5,6,9]]

3402a_258=[[1,2,3,4],[1,2,3,5],[1,2,4,5],[1,3,4,6],[1,3,5,6],[1,4,5,7],[1,4,6,8],[1,4,7,8],[1,5,6,9],[1,5,7,8],[1,5,8,9],[1,6,8,9],[2,3,4,8],[2,3,5,8],[2,4,5,9],[2,4,6,7],[2,4,6,8],[2,4,7,9],[2,5,7,8],[2,5,7,9],[2,6,7,8],[3,4,6,9],[3,4,8,9],[3,5,6,7],[3,5,7,9],[3,5,8,9],[3,6,7,9],[4,5,6,7],[4,5,6,9],[4,7,8,9],[6,7,8,9]]

3402a_259=[[1,2,3,4],[1,2,3,5],[1,2,4,5],[1,3,4,6],[1,3,5,6],[1,4,5,7],[1,4,6,8],[1,4,7,8],[1,5,6,9],[1,5,7,8],[1,5,8,9],[1,6,8,9],[2,3,4,8],[2,3,5,9],[2,3,6,7],[2,3,6,8],[2,3,7,9],[2,4,5,6],[2,4,6,8],[2,5,6,7],[2,5,7,9],[3,4,6,7],[3,4,7,8],[3,5,6,8],[3,5,8,9],[3,7,8,9],[4,5,6,9],[4,5,7,9],[4,6,7,9],[5,6,7,8],[6,7,8,9]]

3402a_260=[[1,2,3,4],[1,2,3,5],[1,2,4,5],[1,3,4,6],[1,3,5,6],[1,4,5,7],[1,4,6,8],[1,4,7,8],[1,5,6,9],[1,5,7,8],[1,5,8,9],[1,6,8,9],[2,3,4,8],[2,3,5,9],[2,3,6,7],[2,3,6,8],[2,3,7,9],[2,4,5,8],[2,5,7,8],[2,5,7,9],[2,6,7,8],[3,4,6,7],[3,4,7,9],[3,4,8,9],[3,5,6,8],[3,5,8,9],[4,5,6,7],[4,5,6,8],[4,7,8,9],[5,6,7,9],[6,7,8,9]]

3402a_261=[[1,2,3,4],[1,2,3,5],[1,2,4,5],[1,3,4,6],[1,3,5,6],[1,4,5,7],[1,4,6,8],[1,4,7,8],[1,5,6,9],[1,5,7,8],[1,5,8,9],[1,6,8,9],[2,3,4,8],[2,3,5,9],[2,3,6,8],[2,3,6,9],[2,4,5,6],[2,4,6,8],[2,5,6,7],[2,5,7,9],[2,6,7,9],[3,4,6,9],[3,4,7,8],[3,4,7,9],[3,5,6,8],[3,5,8,9],[3,7,8,9],[4,5,6,9],[4,5,7,9],[5,6,7,8],[6,7,8,9]]

3402a_262=[[1,2,3,4],[1,2,3,5],[1,2,4,5],[1,3,4,6],[1,3,5,6],[1,4,5,7],[1,4,6,8],[1,4,7,8],[1,5,6,9],[1,5,7,8],[1,5,8,9],[1,6,8,9],[2,3,4,8],[2,3,5,9],[2,3,6,8],[2,3,6,9],[2,4,5,6],[2,4,6,8],[2,5,6,7],[2,5,7,9],[2,6,7,9],[3,4,6,9],[3,4,8,9],[3,5,6,7],[3,5,7,8],[3,5,8,9],[3,6,7,8],[4,5,6,9],[4,5,7,9],[4,7,8,9],[6,7,8,9]]

3402a_263=[[1,2,3,4],[1,2,3,5],[1,2,4,5],[1,3,4,6],[1,3,5,6],[1,4,5,7],[1,4,6,8],[1,4,7,8],[1,5,6,9],[1,5,7,8],[1,5,8,9],[1,6,8,9],[2,3,4,8],[2,3,5,9],[2,3,6,8],[2,3,6,9],[2,4,5,8],[2,5,7,8],[2,5,7,9],[2,6,8,9],[2,7,8,9],[3,4,6,7],[3,4,7,8],[3,5,6,8],[3,5,8,9],[3,6,7,9],[3,7,8,9],[4,5,6,7],[4,5,6,8],[5,6,7,9]]

3402a_264=[[1,2,3,4],[1,2,3,5],[1,2,4,5],[1,3,4,6],[1,3,5,6],[1,4,5,7],[1,4,6,8],[1,4,7,8],[1,5,6,9],[1,5,7,8],[1,5,8,9],[1,6,8,9],[2,3,4,8],[2,3,5,9],[2,3,6,8],[2,3,6,9],[2,4,5,8],[2,5,7,8],[2,5,7,9],[2,6,8,9],[2,7,8,9],[3,4,6,7],[3,4,7,8],[3,5,6,8],[3,5,8,9],[3,6,7,9],[3,7,8,9],[4,5,6,8],[4,5,6,9],[4,5,7,9],[4,6,7,9]]

3402a_265=[[1,2,3,4],[1,2,3,5],[1,2,4,5],[1,3,4,6],[1,3,5,6],[1,4,5,7],[1,4,6,8],[1,4,7,8],[1,5,6,9],[1,5,7,8],[1,5,8,9],[1,6,8,9],[2,3,4,8],[2,3,5,9],[2,3,6,8],[2,3,6,9],[2,4,5,8],[2,5,7,8],[2,5,7,9],[2,6,8,9],[2,7,8,9],[3,4,6,7],[3,4,7,9],[3,4,8,9],[3,5,6,8],[3,5,8,9],[3,6,7,9],[4,5,6,7],[4,5,6,8],[4,7,8,9],[5,6,7,9]]

3402a_266=[[1,2,3,4],[1,2,3,5],[1,2,4,5],[1,3,4,6],[1,3,5,6],[1,4,5,7],[1,4,6,8],[1,4,7,8],[1,5,6,9],[1,5,7,8],[1,5,8,9],[1,6,8,9],[2,3,4,8],[2,3,5,9],[2,3,6,8],[2,3,6,9],[2,4,5,8],[2,5,7,8],[2,5,7,9],[2,6,8,9],[2,7,8,9],[3,4,6,9],[3,4,7,8],[3,4,7,9],[3,5,6,8],[3,5,8,9],[3,7,8,9],[4,5,6,7],[4,5,6,8],[4,6,7,9],[5,6,7,9]]

3402a_267=[[1,2,3,4],[1,2,3,5],[1,2,4,5],[1,3,4,6],[1,3,5,6],[1,4,5,7],[1,4,6,8],[1,4,7,8],[1,5,6,9],[1,5,7,8],[1,5,8,9],[1,6,8,9],[2,3,4,8],[2,3,5,9],[2,3,6,8],[2,3,6,9],[2,4,5,8],[2,5,7,8],[2,5,7,9],[2,6,8,9],[2,7,8,9],[3,4,6,9],[3,4,7,8],[3,4,7,9],[3,5,6,8],[3,5,8,9],[3,7,8,9],[4,5,6,8],[4,5,6,9],[4,5,7,9]]

3402a_268=[[1,2,3,4],[1,2,3,5],[1,2,4,5],[1,3,4,6],[1,3,5,6],[1,4,5,7],[1,4,6,8],[1,4,7,8],[1,5,6,9],[1,5,7,8],[1,5,8,9],[1,6,8,9],[2,3,4,8],[2,3,5,9],[2,3,6,8],[2,3,6,9],[2,4,5,8],[2,5,7,8],[2,5,7,9],[2,6,8,9],[2,7,8,9],[3,4,6,9],[3,4,8,9],[3,5,6,8],[3,5,8,9],[4,5,6,7],[4,5,6,8],[4,6,7,9],[4,7,8,9],[5,6,7,9]]

3402a_269=[[1,2,3,4],[1,2,3,5],[1,2,4,5],[1,3,4,6],[1,3,5,6],[1,4,5,7],[1,4,6,8],[1,4,7,8],[1,5,6,9],[1,5,7,8],[1,5,8,9],[1,6,8,9],[2,3,4,8],[2,3,5,9],[2,3,7,8],[2,3,7,9],[2,4,5,6],[2,4,6,9],[2,4,8,9],[2,5,6,9],[2,7,8,9],[3,4,6,7],[3,4,7,8],[3,5,6,7],[3,5,7,9],[4,5,6,8],[4,5,7,9],[4,5,8,9],[4,6,7,9],[5,6,7,8],[6,7,8,9]]

3402a_270=[[1,2,3,4],[1,2,3,5],[1,2,4,5],[1,3,4,6],[1,3,5,6],[1,4,5,7],[1,4,6,8],[1,4,7,8],[1,5,6,9],[1,5,7,8],[1,5,8,9],[1,6,8,9],[2,3,4,8],[2,3,5,9],[2,3,8,9],[2,4,5,6],[2,4,6,9],[2,4,8,9],[2,5,6,9],[3,4,6,7],[3,4,7,8],[3,5,6,7],[3,5,7,9],[3,7,8,9],[4,5,6,8],[4,5,7,9],[4,5,8,9],[4,6,7,9],[5,6,7,8],[6,7,8,9]]

3402a_271=[[1,2,3,4],[1,2,3,5],[1,2,4,5],[1,3,4,6],[1,3,5,6],[1,4,5,7],[1,4,6,8],[1,4,7,8],[1,5,6,9],[1,5,7,8],[1,5,8,9],[1,6,8,9],[2,3,4,8],[2,3,5,9],[2,3,8,9],[2,4,5,6],[2,4,6,9],[2,4,8,9],[2,5,6,9],[3,4,6,9],[3,4,7,8],[3,4,7,9],[3,5,6,7],[3,5,7,9],[3,6,7,8],[3,6,8,9],[4,5,6,8],[4,5,7,9],[4,5,8,9],[5,6,7,8]]

3402a_272=[[1,2,3,4],[1,2,3,5],[1,2,4,5],[1,3,4,6],[1,3,5,6],[1,4,5,7],[1,4,6,8],[1,4,7,8],[1,5,6,9],[1,5,7,8],[1,5,8,9],[1,6,8,9],[2,3,4,9],[2,3,5,7],[2,3,6,7],[2,3,6,8],[2,3,8,9],[2,4,5,9],[2,5,6,8],[2,5,6,9],[2,5,7,8],[2,6,7,9],[2,7,8,9],[3,4,6,9],[3,5,6,7],[3,6,8,9],[4,5,6,7],[4,5,6,8],[4,5,8,9],[4,6,7,9],[4,7,8,9]]

3402a_273=[[1,2,3,4],[1,2,3,5],[1,2,4,5],[1,3,4,6],[1,3,5,6],[1,4,5,7],[1,4,6,8],[1,4,7,8],[1,5,6,9],[1,5,7,8],[1,5,8,9],[1,6,8,9],[2,3,4,9],[2,3,5,7],[2,3,7,8],[2,3,8,9],[2,4,5,6],[2,4,6,7],[2,4,7,9],[2,5,6,9],[2,5,7,9],[2,6,7,8],[2,6,8,9],[3,4,6,7],[3,4,7,8],[3,4,8,9],[3,5,6,7],[4,5,6,8],[4,5,7,9],[4,5,8,9],[5,6,7,8]]

3402a_274=[[1,2,3,4],[1,2,3,5],[1,2,4,5],[1,3,4,6],[1,3,5,6],[1,4,5,7],[1,4,6,8],[1,4,7,8],[1,5,6,9],[1,5,7,8],[1,5,8,9],[1,6,8,9],[2,3,4,9],[2,3,5,7],[2,3,7,8],[2,3,8,9],[2,4,5,6],[2,4,6,9],[2,5,6,9],[2,5,7,9],[2,7,8,9],[3,4,6,7],[3,4,7,8],[3,4,8,9],[3,5,6,7],[4,5,6,8],[4,5,7,9],[4,5,8,9],[4,6,7,9],[5,6,7,8],[6,7,8,9]]

3402a_275=[[1,2,3,4],[1,2,3,5],[1,2,4,5],[1,3,4,6],[1,3,5,6],[1,4,5,7],[1,4,6,8],[1,4,7,8],[1,5,6,9],[1,5,7,8],[1,5,8,9],[1,6,8,9],[2,3,4,9],[2,3,5,7],[2,3,7,9],[2,4,5,6],[2,4,6,7],[2,4,7,9],[2,5,6,7],[3,4,6,7],[3,4,7,8],[3,4,8,9],[3,5,6,8],[3,5,7,8],[3,6,7,9],[3,6,8,9],[4,5,6,8],[4,5,7,9],[4,5,8,9],[5,6,7,9]]

3402a_276=[[1,2,3,4],[1,2,3,5],[1,2,4,5],[1,3,4,6],[1,3,5,6],[1,4,5,7],[1,4,6,8],[1,4,7,8],[1,5,6,9],[1,5,7,8],[1,5,8,9],[1,6,8,9],[2,3,4,9],[2,3,5,7],[2,3,7,9],[2,4,5,6],[2,4,6,9],[2,5,6,9],[2,5,7,9],[3,4,6,7],[3,4,7,8],[3,4,8,9],[3,5,6,7],[3,7,8,9],[4,5,6,8],[4,5,7,9],[4,5,8,9],[4,6,7,9],[5,6,7,8],[6,7,8,9]]

3402a_277=[[1,2,3,4],[1,2,3,5],[1,2,4,5],[1,3,4,6],[1,3,5,6],[1,4,5,7],[1,4,6,8],[1,4,7,8],[1,5,6,9],[1,5,7,8],[1,5,8,9],[1,6,8,9],[2,3,4,9],[2,3,5,7],[2,3,7,9],[2,4,5,6],[2,4,6,9],[2,5,6,9],[2,5,7,9],[3,4,6,7],[3,4,7,8],[3,4,8,9],[3,5,6,8],[3,5,7,8],[3,6,7,9],[3,6,8,9],[4,5,6,8],[4,5,7,9],[4,5,8,9],[4,6,7,9]]

3402a_278=[[1,2,3,4],[1,2,3,5],[1,2,4,5],[1,3,4,6],[1,3,5,6],[1,4,5,7],[1,4,6,8],[1,4,7,8],[1,5,6,9],[1,5,7,8],[1,5,8,9],[1,6,8,9],[2,3,4,9],[2,3,5,8],[2,3,6,7],[2,3,6,8],[2,3,7,9],[2,4,5,9],[2,5,6,8],[2,5,6,9],[2,6,7,9],[3,4,6,9],[3,5,6,7],[3,5,7,8],[3,6,8,9],[3,7,8,9],[4,5,6,7],[4,5,6,8],[4,5,8,9],[4,6,7,9],[4,7,8,9]]

3402a_279=[[1,2,3,4],[1,2,3,5],[1,2,4,5],[1,3,4,6],[1,3,5,6],[1,4,5,7],[1,4,6,8],[1,4,7,8],[1,5,6,9],[1,5,7,8],[1,5,8,9],[1,6,8,9],[2,3,4,9],[2,3,5,8],[2,3,7,8],[2,3,7,9],[2,4,5,6],[2,4,6,7],[2,4,7,9],[2,5,6,7],[2,5,7,8],[3,4,6,7],[3,4,7,8],[3,4,8,9],[3,5,6,8],[3,6,7,9],[3,6,8,9],[4,5,6,8],[4,5,7,9],[4,5,8,9],[5,6,7,9]]

3402a_280=[[1,2,3,4],[1,2,3,5],[1,2,4,5],[1,3,4,6],[1,3,5,6],[1,4,5,7],[1,4,6,8],[1,4,7,8],[1,5,6,9],[1,5,7,8],[1,5,8,9],[1,6,8,9],[2,3,4,9],[2,3,5,9],[2,4,5,8],[2,4,6,7],[2,4,6,8],[2,4,7,9],[2,5,6,7],[2,5,6,9],[2,5,7,8],[2,6,8,9],[2,7,8,9],[3,4,6,7],[3,4,7,8],[3,4,8,9],[3,5,6,7],[3,5,7,9],[3,7,8,9],[4,5,7,9],[4,5,8,9]]

3402a_281=[[1,2,3,4],[1,2,3,5],[1,2,4,5],[1,3,4,6],[1,3,5,6],[1,4,5,7],[1,4,6,8],[1,4,7,8],[1,5,6,9],[1,5,7,9],[1,6,7,8],[1,6,7,9],[2,3,4,6],[2,3,5,7],[2,3,6,8],[2,3,7,9],[2,3,8,9],[2,4,5,9],[2,4,6,7],[2,4,7,9],[2,5,7,8],[2,5,8,9],[2,6,7,8],[3,5,6,7],[3,6,7,9],[3,6,8,9],[4,5,6,7],[4,5,6,9],[4,6,8,9],[4,7,8,9],[5,7,8,9]]

3402a_282=[[1,2,3,4],[1,2,3,5],[1,2,4,5],[1,3,4,6],[1,3,5,6],[1,4,5,7],[1,4,6,8],[1,4,7,8],[1,5,6,9],[1,5,7,9],[1,6,7,8],[1,6,7,9],[2,3,4,7],[2,3,5,8],[2,3,7,8],[2,4,5,9],[2,4,7,8],[2,4,8,9],[2,5,8,9],[3,4,5,7],[3,4,5,8],[3,4,6,9],[3,4,8,9],[3,5,6,7],[3,6,7,9],[3,7,8,9],[4,5,6,8],[4,5,6,9],[5,6,7,8],[5,7,8,9]]

3402a_283=[[1,2,3,4],[1,2,3,5],[1,2,4,5],[1,3,4,6],[1,3,5,6],[1,4,5,7],[1,4,6,8],[1,4,7,8],[1,5,6,9],[1,5,7,9],[1,6,7,8],[1,6,7,9],[2,3,4,7],[2,3,5,9],[2,3,7,9],[2,4,5,6],[2,4,6,9],[2,4,7,9],[2,5,6,9],[3,4,5,7],[3,4,5,9],[3,4,6,9],[3,5,6,8],[3,5,7,8],[3,6,7,8],[3,6,7,9],[4,5,6,8],[4,5,8,9],[4,7,8,9],[5,7,8,9]]

3402a_284=[[1,2,3,4],[1,2,3,5],[1,2,4,5],[1,3,4,6],[1,3,5,6],[1,4,5,7],[1,4,6,8],[1,4,7,8],[1,5,6,9],[1,5,7,9],[1,6,7,8],[1,6,7,9],[2,3,4,8],[2,3,5,9],[2,3,6,7],[2,3,6,8],[2,3,7,9],[2,4,5,7],[2,4,6,8],[2,4,6,9],[2,4,7,9],[2,5,6,7],[2,5,6,9],[3,4,6,7],[3,4,7,8],[3,5,6,8],[3,5,7,8],[3,5,7,9],[4,6,7,9],[5,6,7,8]]

3402a_285=[[1,2,3,4],[1,2,3,5],[1,2,4,5],[1,3,4,6],[1,3,5,6],[1,4,5,7],[1,4,6,8],[1,4,7,8],[1,5,6,9],[1,5,7,9],[1,6,7,8],[1,6,7,9],[2,3,4,8],[2,3,5,9],[2,3,6,7],[2,3,6,8],[2,3,7,9],[2,4,5,9],[2,4,6,7],[2,4,6,8],[2,4,7,9],[3,4,6,9],[3,4,8,9],[3,5,6,8],[3,5,8,9],[3,6,7,9],[4,5,6,7],[4,5,6,9],[4,7,8,9],[5,6,7,8],[5,7,8,9]]

3402a_286=[[1,2,3,4],[1,2,3,5],[1,2,4,5],[1,3,4,6],[1,3,5,6],[1,4,5,7],[1,4,6,8],[1,4,7,8],[1,5,6,9],[1,5,7,9],[1,6,8,9],[1,7,8,9],[2,3,4,7],[2,3,5,7],[2,4,5,8],[2,4,6,7],[2,4,6,9],[2,4,8,9],[2,5,6,8],[2,5,6,9],[2,5,7,9],[2,6,7,8],[2,7,8,9],[3,4,6,9],[3,4,7,8],[3,4,8,9],[3,5,6,7],[3,6,7,8],[3,6,8,9],[4,5,6,7],[4,5,6,8]]

3402a_287=[[1,2,3,4],[1,2,3,5],[1,2,4,5],[1,3,4,6],[1,3,5,6],[1,4,5,7],[1,4,6,8],[1,4,7,8],[1,5,6,9],[1,5,7,9],[1,6,8,9],[1,7,8,9],[2,3,4,7],[2,3,5,8],[2,3,6,7],[2,3,6,8],[2,4,5,6],[2,4,6,8],[2,4,7,8],[2,5,6,9],[2,5,7,8],[2,5,7,9],[2,6,7,9],[3,4,6,9],[3,4,7,9],[3,5,6,7],[3,5,7,8],[3,6,8,9],[3,7,8,9],[4,5,6,7],[4,6,7,9]]

3402a_288=[[1,2,3,4],[1,2,3,5],[1,2,4,5],[1,3,4,6],[1,3,5,6],[1,4,5,7],[1,4,6,8],[1,4,7,9],[1,4,8,9],[1,5,6,8],[1,5,7,9],[1,5,8,9],[2,3,4,7],[2,3,5,7],[2,4,5,8],[2,4,6,7],[2,4,6,9],[2,4,8,9],[2,5,6,8],[2,5,6,9],[2,5,7,9],[2,6,7,8],[2,7,8,9],[3,4,6,9],[3,4,7,9],[3,5,6,9],[3,5,7,8],[3,5,8,9],[3,7,8,9],[4,5,7,8],[4,6,7,8]]

3402a_289=[[1,2,3,4],[1,2,3,5],[1,2,4,5],[1,3,4,6],[1,3,5,6],[1,4,5,7],[1,4,6,8],[1,4,7,9],[1,4,8,9],[1,5,6,8],[1,5,7,9],[1,5,8,9],[2,3,4,7],[2,3,5,8],[2,3,7,9],[2,3,8,9],[2,4,5,9],[2,4,6,7],[2,4,6,8],[2,4,8,9],[2,5,6,7],[2,5,6,8],[2,5,7,9],[3,4,5,7],[3,4,5,9],[3,4,6,9],[3,5,6,7],[3,5,8,9],[3,6,7,9],[4,6,7,9]]

3402a_290=[[1,2,3,4],[1,2,3,5],[1,2,4,5],[1,3,4,6],[1,3,5,6],[1,4,5,7],[1,4,6,8],[1,4,7,9],[1,4,8,9],[1,5,6,8],[1,5,7,9],[1,5,8,9],[2,3,4,7],[2,3,5,8],[2,3,7,9],[2,3,8,9],[2,4,5,9],[2,4,6,7],[2,4,6,8],[2,4,8,9],[2,5,7,8],[2,5,7,9],[2,6,7,8],[3,4,5,7],[3,4,5,9],[3,4,6,9],[3,5,6,7],[3,5,8,9],[3,6,7,9],[4,6,7,9],[5,6,7,8]]

3402a_291=[[1,2,3,4],[1,2,3,5],[1,2,4,5],[1,3,4,6],[1,3,5,6],[1,4,5,7],[1,4,6,8],[1,4,7,9],[1,4,8,9],[1,5,6,8],[1,5,7,9],[1,5,8,9],[2,3,4,7],[2,3,5,8],[2,3,7,9],[2,3,8,9],[2,4,5,9],[2,4,7,8],[2,4,8,9],[2,5,6,7],[2,5,6,8],[2,5,7,9],[2,6,7,8],[3,4,5,7],[3,4,5,9],[3,4,6,9],[3,5,6,7],[3,5,8,9],[3,6,7,9],[4,6,7,8],[4,6,7,9]]

3402a_292=[[1,2,3,4],[1,2,3,5],[1,2,4,5],[1,3,4,6],[1,3,5,6],[1,4,5,7],[1,4,6,8],[1,4,7,9],[1,4,8,9],[1,5,6,9],[1,5,7,8],[1,5,8,9],[1,6,7,8],[1,6,7,9],[2,3,4,7],[2,3,5,8],[2,3,7,8],[2,4,5,9],[2,4,7,9],[2,5,8,9],[2,6,7,8],[2,6,7,9],[2,6,8,9],[3,4,6,9],[3,4,7,8],[3,4,8,9],[3,5,6,8],[3,6,8,9],[4,5,6,8],[4,5,6,9],[4,5,7,8]]

3402a_293=[[1,2,3,4],[1,2,3,5],[1,2,4,5],[1,3,4,6],[1,3,5,7],[1,3,6,7],[1,4,5,8],[1,4,6,7],[1,4,7,8],[1,5,7,8],[2,3,4,7],[2,3,5,6],[2,3,6,7],[2,4,5,9],[2,4,7,8],[2,4,8,9],[2,5,6,8],[2,5,8,9],[2,6,7,8],[3,4,5,7],[3,4,5,9],[3,4,6,9],[3,5,6,9],[4,5,6,7],[4,5,6,8],[4,6,8,9],[5,6,7,9],[5,7,8,9],[6,7,8,9]]

3402a_294=[[1,2,3,4],[1,2,3,5],[1,2,4,5],[1,3,4,6],[1,3,5,7],[1,3,6,7],[1,4,5,8],[1,4,6,7],[1,4,7,8],[1,5,7,8],[2,3,4,7],[2,3,5,6],[2,3,6,8],[2,3,7,8],[2,4,5,9],[2,4,7,8],[2,4,8,9],[2,5,6,8],[2,5,8,9],[3,4,5,7],[3,4,5,9],[3,4,6,9],[3,5,6,9],[3,6,7,8],[4,5,6,7],[4,5,6,8],[4,6,8,9],[5,6,7,9],[5,7,8,9],[6,7,8,9]]

3402a_295=[[1,2,3,4],[1,2,3,5],[1,2,4,5],[1,3,4,6],[1,3,5,7],[1,3,6,7],[1,4,5,8],[1,4,6,7],[1,4,7,8],[1,5,7,8],[2,3,4,7],[2,3,5,6],[2,3,6,9],[2,3,7,9],[2,4,5,9],[2,4,6,7],[2,4,6,9],[2,5,6,7],[2,5,7,9],[3,4,5,7],[3,4,5,8],[3,4,6,8],[3,5,6,8],[3,6,7,9],[4,5,7,9],[4,6,8,9],[4,7,8,9],[5,6,7,8],[6,7,8,9]]

3402a_296=[[1,2,3,4],[1,2,3,5],[1,2,4,5],[1,3,4,6],[1,3,5,7],[1,3,6,7],[1,4,5,8],[1,4,6,7],[1,4,7,8],[1,5,7,8],[2,3,4,7],[2,3,5,8],[2,3,6,7],[2,3,6,8],[2,4,5,9],[2,4,7,9],[2,5,6,7],[2,5,6,9],[2,5,7,8],[2,6,8,9],[2,7,8,9],[3,4,5,7],[3,4,5,9],[3,4,6,8],[3,4,8,9],[3,5,8,9],[4,5,6,7],[4,5,6,8],[4,7,8,9],[5,6,8,9]]
