
4203_1=[[1,2,3,4],[1,2,3,5],[1,2,4,5],[1,3,4,6],[1,3,5,6],[1,4,5,7],[1,4,6,7],[1,5,6,7],[2,3,4,7],[2,3,5,8],[2,3,6,7],[2,3,6,8],[2,4,5,6],[2,4,6,7],[2,5,6,9],[2,5,8,9],[2,6,8,9],[3,4,5,7],[3,4,5,9],[3,4,6,8],[3,4,8,9],[3,5,6,9],[3,5,7,8],[3,6,7,9],[3,7,8,9],[4,5,6,8],[4,5,8,9],[5,6,7,8],[6,7,8,9]]

4203_2=[[1,2,3,4],[1,2,3,5],[1,2,4,5],[1,3,4,6],[1,3,5,6],[1,4,5,7],[1,4,6,7],[1,5,6,7],[2,3,4,7],[2,3,5,8],[2,3,6,7],[2,3,6,8],[2,4,5,8],[2,4,6,7],[2,4,6,9],[2,4,8,9],[2,6,8,9],[3,4,5,7],[3,4,5,9],[3,4,6,8],[3,4,8,9],[3,5,6,9],[3,5,7,8],[3,6,7,9],[3,7,8,9],[4,5,6,8],[4,5,6,9],[5,6,7,8],[6,7,8,9]]

4203_3=[[1,2,3,4],[1,2,3,5],[1,2,4,5],[1,3,4,6],[1,3,5,6],[1,4,5,7],[1,4,6,7],[1,5,6,8],[1,5,7,8],[1,6,7,8],[2,3,4,7],[2,3,5,6],[2,3,6,9],[2,3,7,9],[2,4,5,8],[2,4,6,7],[2,4,6,9],[2,4,8,9],[2,5,6,7],[2,5,7,8],[2,7,8,9],[3,4,6,8],[3,4,7,8],[3,6,7,8],[3,6,7,9],[4,5,6,8],[4,5,6,9],[4,5,7,9],[4,7,8,9],[5,6,7,9]]

4203_4=[[1,2,3,4],[1,2,3,5],[1,2,4,5],[1,3,4,6],[1,3,5,6],[1,4,5,7],[1,4,6,7],[1,5,6,8],[1,5,7,8],[1,6,7,8],[2,3,4,7],[2,3,5,8],[2,3,6,7],[2,3,6,8],[2,4,5,6],[2,4,6,7],[2,5,6,9],[2,5,8,9],[2,6,8,9],[3,4,5,7],[3,4,5,9],[3,4,6,8],[3,4,8,9],[3,5,6,9],[3,5,7,8],[3,6,7,9],[3,7,8,9],[4,5,6,8],[4,5,8,9],[6,7,8,9]]

4203_5=[[1,2,3,4],[1,2,3,5],[1,2,4,5],[1,3,4,6],[1,3,5,6],[1,4,5,7],[1,4,6,7],[1,5,6,8],[1,5,7,8],[1,6,7,8],[2,3,4,7],[2,3,5,8],[2,3,6,7],[2,3,6,8],[2,4,5,8],[2,4,6,7],[2,4,6,9],[2,4,8,9],[2,6,8,9],[3,4,5,7],[3,4,5,9],[3,4,6,8],[3,4,8,9],[3,5,6,7],[3,5,8,9],[4,5,6,8],[4,5,6,9],[5,6,7,9],[5,7,8,9],[6,7,8,9]]

4203_6=[[1,2,3,4],[1,2,3,5],[1,2,4,5],[1,3,4,6],[1,3,5,6],[1,4,5,7],[1,4,6,7],[1,5,6,8],[1,5,7,8],[1,6,7,8],[2,3,4,7],[2,3,5,8],[2,3,6,7],[2,3,6,8],[2,4,5,8],[2,4,6,7],[2,4,6,9],[2,4,8,9],[2,6,8,9],[3,4,5,7],[3,4,5,9],[3,4,6,8],[3,4,8,9],[3,5,6,9],[3,5,7,8],[3,6,7,9],[3,7,8,9],[4,5,6,8],[4,5,6,9],[6,7,8,9]]

4203_7=[[1,2,3,4],[1,2,3,5],[1,2,4,5],[1,3,4,6],[1,3,5,6],[1,4,5,7],[1,4,6,7],[1,5,6,8],[1,5,7,8],[1,6,7,8],[2,3,4,7],[2,3,5,8],[2,3,6,7],[2,3,6,9],[2,3,8,9],[2,4,5,6],[2,4,6,7],[2,5,6,8],[2,6,8,9],[3,4,5,7],[3,4,5,8],[3,4,6,8],[3,5,6,9],[3,5,7,9],[3,6,7,8],[3,7,8,9],[4,5,6,9],[4,5,8,9],[4,6,8,9],[5,7,8,9]]

4203_8=[[1,2,3,4],[1,2,3,5],[1,2,4,5],[1,3,4,6],[1,3,5,6],[1,4,5,7],[1,4,6,7],[1,5,6,8],[1,5,7,8],[1,6,7,8],[2,3,4,7],[2,3,5,8],[2,3,6,8],[2,3,6,9],[2,3,7,9],[2,4,5,6],[2,4,6,7],[2,5,6,8],[2,6,7,9],[3,4,5,7],[3,4,5,8],[3,4,6,9],[3,4,8,9],[3,5,6,7],[3,6,7,8],[3,7,8,9],[4,5,6,9],[4,5,8,9],[5,6,7,9],[5,7,8,9]]

4203_9=[[1,2,3,4],[1,2,3,5],[1,2,4,5],[1,3,4,6],[1,3,5,6],[1,4,5,7],[1,4,6,7],[1,5,6,8],[1,5,7,8],[1,6,7,8],[2,3,4,7],[2,3,5,8],[2,3,6,8],[2,3,6,9],[2,3,7,9],[2,4,5,6],[2,4,6,7],[2,5,6,8],[2,6,7,9],[3,4,5,7],[3,4,5,9],[3,4,6,9],[3,5,6,7],[3,5,8,9],[3,6,7,8],[3,7,8,9],[4,5,6,9],[5,6,7,9],[5,7,8,9]]

4203_10=[[1,2,3,4],[1,2,3,5],[1,2,4,5],[1,3,4,6],[1,3,5,6],[1,4,5,7],[1,4,6,7],[1,5,6,8],[1,5,7,8],[1,6,7,8],[2,3,4,7],[2,3,5,8],[2,3,6,8],[2,3,6,9],[2,3,7,9],[2,4,5,8],[2,4,6,7],[2,4,6,8],[2,6,7,9],[3,4,5,7],[3,4,5,9],[3,4,6,9],[3,5,6,7],[3,5,8,9],[3,6,7,8],[3,7,8,9],[4,5,6,8],[4,5,6,9],[5,6,7,9],[5,7,8,9]]

4203_11=[[1,2,3,4],[1,2,3,5],[1,2,4,5],[1,3,4,6],[1,3,5,6],[1,4,5,7],[1,4,6,7],[1,5,6,8],[1,5,7,8],[1,6,7,8],[2,3,4,7],[2,3,5,9],[2,3,6,7],[2,3,6,8],[2,3,8,9],[2,4,5,6],[2,4,6,7],[2,5,6,9],[2,6,8,9],[3,4,5,8],[3,4,5,9],[3,4,6,8],[3,4,7,9],[3,5,6,7],[3,5,7,8],[3,7,8,9],[4,5,6,8],[4,5,7,9],[5,6,7,9],[6,7,8,9]]

4203_12=[[1,2,3,4],[1,2,3,5],[1,2,4,5],[1,3,4,6],[1,3,5,6],[1,4,5,7],[1,4,6,7],[1,5,6,8],[1,5,7,8],[1,6,7,8],[2,3,4,7],[2,3,5,9],[2,3,6,7],[2,3,6,9],[2,4,5,6],[2,4,6,7],[2,5,6,9],[3,4,5,8],[3,4,5,9],[3,4,6,8],[3,4,7,9],[3,5,6,7],[3,5,7,8],[3,6,8,9],[3,7,8,9],[4,5,6,8],[4,5,7,9],[5,6,7,9],[6,7,8,9]]

4203_13=[[1,2,3,4],[1,2,3,5],[1,2,4,5],[1,3,4,6],[1,3,5,6],[1,4,5,7],[1,4,6,7],[1,5,6,8],[1,5,7,8],[1,6,7,8],[2,3,4,7],[2,3,5,9],[2,3,6,7],[2,3,6,9],[2,4,5,6],[2,4,6,7],[2,5,6,9],[3,4,5,8],[3,4,5,9],[3,4,6,9],[3,4,7,8],[3,5,6,7],[3,5,7,8],[4,5,6,8],[4,5,7,9],[4,6,8,9],[4,7,8,9],[5,6,7,9],[6,7,8,9]]

4203_14=[[1,2,3,4],[1,2,3,5],[1,2,4,5],[1,3,4,6],[1,3,5,6],[1,4,5,7],[1,4,6,7],[1,5,6,8],[1,5,7,8],[1,6,7,8],[2,3,4,7],[2,3,5,9],[2,3,6,7],[2,3,6,9],[2,4,5,8],[2,4,6,7],[2,4,6,8],[2,5,6,8],[2,5,6,9],[3,4,5,8],[3,4,5,9],[3,4,6,8],[3,4,7,9],[3,5,6,7],[3,5,7,8],[3,6,8,9],[3,7,8,9],[4,5,7,9],[5,6,7,9],[6,7,8,9]]

4203_15=[[1,2,3,4],[1,2,3,5],[1,2,4,5],[1,3,4,6],[1,3,5,6],[1,4,5,7],[1,4,6,7],[1,5,6,8],[1,5,7,8],[1,6,7,8],[2,3,4,7],[2,3,5,9],[2,3,6,7],[2,3,6,9],[2,4,5,8],[2,4,6,7],[2,4,6,8],[2,5,6,8],[2,5,6,9],[3,4,5,8],[3,4,5,9],[3,4,6,9],[3,4,7,8],[3,5,6,7],[3,5,7,8],[4,5,7,9],[4,6,8,9],[4,7,8,9],[5,6,7,9],[6,7,8,9]]

4203_16=[[1,2,3,4],[1,2,3,5],[1,2,4,5],[1,3,4,6],[1,3,5,6],[1,4,5,7],[1,4,6,7],[1,5,6,8],[1,5,7,8],[1,6,7,8],[2,3,4,7],[2,3,5,9],[2,3,6,7],[2,3,6,9],[2,4,5,8],[2,4,6,7],[2,4,6,9],[2,4,8,9],[2,5,8,9],[3,4,5,7],[3,4,5,9],[3,4,6,8],[3,4,8,9],[3,5,6,7],[3,6,8,9],[4,5,6,8],[4,5,6,9],[5,6,7,9],[5,7,8,9],[6,7,8,9]]

4203_17=[[1,2,3,4],[1,2,3,5],[1,2,4,5],[1,3,4,6],[1,3,5,6],[1,4,5,7],[1,4,6,7],[1,5,6,8],[1,5,7,8],[1,6,7,8],[2,3,4,7],[2,3,5,9],[2,3,7,9],[2,4,5,6],[2,4,6,7],[2,5,6,7],[2,5,7,9],[3,4,5,8],[3,4,5,9],[3,4,6,9],[3,4,7,8],[3,5,6,7],[3,5,7,8],[3,6,7,9],[4,5,6,8],[4,5,7,9],[4,6,8,9],[4,7,8,9],[6,7,8,9]]

4203_18=[[1,2,3,4],[1,2,3,5],[1,2,4,5],[1,3,4,6],[1,3,5,6],[1,4,5,7],[1,4,6,7],[1,5,6,8],[1,5,7,8],[1,6,7,8],[2,3,4,7],[2,3,5,9],[2,3,7,9],[2,4,5,8],[2,4,6,7],[2,4,6,8],[2,5,6,7],[2,5,6,8],[2,5,7,9],[3,4,5,8],[3,4,5,9],[3,4,6,9],[3,4,7,8],[3,5,6,7],[3,5,7,8],[3,6,7,9],[4,5,7,9],[4,6,8,9],[4,7,8,9],[6,7,8,9]]

4203_19=[[1,2,3,4],[1,2,3,5],[1,2,4,5],[1,3,4,6],[1,3,5,6],[1,4,5,7],[1,4,6,7],[1,5,6,8],[1,5,7,8],[1,6,7,8],[2,3,4,8],[2,3,5,9],[2,3,6,7],[2,3,6,9],[2,3,7,8],[2,4,5,6],[2,4,6,7],[2,4,7,8],[2,5,6,9],[3,4,5,8],[3,4,5,9],[3,4,6,9],[3,5,6,7],[3,5,7,8],[4,5,6,8],[4,5,7,9],[4,6,8,9],[4,7,8,9],[5,6,7,9],[6,7,8,9]]

4203_20=[[1,2,3,4],[1,2,3,5],[1,2,4,5],[1,3,4,6],[1,3,5,6],[1,4,5,7],[1,4,6,7],[1,5,6,8],[1,5,7,8],[1,6,7,9],[1,6,8,9],[1,7,8,9],[2,3,4,6],[2,3,5,8],[2,3,6,9],[2,3,7,8],[2,3,7,9],[2,4,5,6],[2,5,6,7],[2,5,7,9],[2,5,8,9],[2,6,7,8],[2,6,8,9],[3,5,6,7],[3,5,7,8],[3,6,7,9],[4,5,6,8],[4,5,7,9],[4,5,8,9],[4,6,7,8],[4,7,8,9]]

4203_21=[[1,2,3,4],[1,2,3,5],[1,2,4,5],[1,3,4,6],[1,3,5,6],[1,4,5,7],[1,4,6,7],[1,5,6,8],[1,5,7,8],[1,6,7,9],[1,6,8,9],[1,7,8,9],[2,3,4,7],[2,3,5,7],[2,4,5,6],[2,4,6,7],[2,5,6,9],[2,5,7,8],[2,5,8,9],[2,6,7,8],[2,6,8,9],[3,4,6,8],[3,4,7,8],[3,5,6,7],[3,6,7,8],[4,5,6,8],[4,5,7,9],[4,5,8,9],[4,7,8,9],[5,6,7,9]]

4203_22=[[1,2,3,4],[1,2,3,5],[1,2,4,5],[1,3,4,6],[1,3,5,6],[1,4,5,7],[1,4,6,7],[1,5,6,8],[1,5,7,8],[1,6,7,9],[1,6,8,9],[1,7,8,9],[2,3,4,7],[2,3,5,7],[2,4,5,6],[2,4,6,7],[2,5,6,9],[2,5,7,8],[2,5,8,9],[2,6,7,8],[2,6,8,9],[3,4,6,8],[3,4,7,8],[3,5,6,9],[3,5,7,9],[3,6,7,8],[3,6,7,9],[4,5,6,8],[4,5,7,9],[4,5,8,9],[4,7,8,9]]

4203_23=[[1,2,3,4],[1,2,3,5],[1,2,4,5],[1,3,4,6],[1,3,5,6],[1,4,5,7],[1,4,6,7],[1,5,6,8],[1,5,7,8],[1,6,7,9],[1,6,8,9],[1,7,8,9],[2,3,4,7],[2,3,5,7],[2,4,5,6],[2,4,6,7],[2,5,6,9],[2,5,7,8],[2,5,8,9],[2,6,7,8],[2,6,8,9],[3,4,6,8],[3,4,7,9],[3,4,8,9],[3,5,6,7],[3,6,7,8],[3,7,8,9],[4,5,6,8],[4,5,7,9],[4,5,8,9],[5,6,7,9]]

4203_24=[[1,2,3,4],[1,2,3,5],[1,2,4,5],[1,3,4,6],[1,3,5,6],[1,4,5,7],[1,4,6,7],[1,5,6,8],[1,5,7,8],[1,6,7,9],[1,6,8,9],[1,7,8,9],[2,3,4,7],[2,3,5,7],[2,4,5,8],[2,4,6,7],[2,4,6,9],[2,4,8,9],[2,5,7,8],[2,6,7,8],[2,6,8,9],[3,4,6,8],[3,4,7,8],[3,5,6,7],[3,6,7,8],[4,5,6,8],[4,5,6,9],[4,5,7,9],[4,7,8,9],[5,6,7,9]]

4203_25=[[1,2,3,4],[1,2,3,5],[1,2,4,5],[1,3,4,6],[1,3,5,6],[1,4,5,7],[1,4,6,7],[1,5,6,8],[1,5,7,8],[1,6,7,9],[1,6,8,9],[1,7,8,9],[2,3,4,7],[2,3,5,7],[2,4,5,8],[2,4,6,7],[2,4,6,9],[2,4,8,9],[2,5,7,8],[2,6,7,8],[2,6,8,9],[3,4,6,8],[3,4,7,8],[3,5,6,9],[3,5,7,9],[3,6,7,8],[3,6,7,9],[4,5,6,8],[4,5,6,9],[4,5,7,9],[4,7,8,9]]

4203_26=[[1,2,3,4],[1,2,3,5],[1,2,4,5],[1,3,4,6],[1,3,5,6],[1,4,5,7],[1,4,6,7],[1,5,6,8],[1,5,7,8],[1,6,7,9],[1,6,8,9],[1,7,8,9],[2,3,4,7],[2,3,5,7],[2,4,5,8],[2,4,6,7],[2,4,6,9],[2,4,8,9],[2,5,7,8],[2,6,7,8],[2,6,8,9],[3,4,6,8],[3,4,7,9],[3,4,8,9],[3,5,6,7],[3,6,7,8],[3,7,8,9],[4,5,6,8],[4,5,6,9],[4,5,7,9],[5,6,7,9]]

4203_27=[[1,2,3,4],[1,2,3,5],[1,2,4,5],[1,3,4,6],[1,3,5,6],[1,4,5,7],[1,4,6,7],[1,5,6,8],[1,5,7,8],[1,6,7,9],[1,6,8,9],[1,7,8,9],[2,3,4,7],[2,3,5,8],[2,3,6,7],[2,3,6,8],[2,4,5,6],[2,4,6,7],[2,5,6,9],[2,5,8,9],[2,6,8,9],[3,4,5,7],[3,4,5,9],[3,4,6,8],[3,4,8,9],[3,5,6,9],[3,5,7,8],[3,6,7,9],[3,7,8,9],[4,5,6,8],[4,5,8,9]]

4203_28=[[1,2,3,4],[1,2,3,5],[1,2,4,5],[1,3,4,6],[1,3,5,6],[1,4,5,7],[1,4,6,7],[1,5,6,8],[1,5,7,8],[1,6,7,9],[1,6,8,9],[1,7,8,9],[2,3,4,7],[2,3,5,8],[2,3,6,7],[2,3,6,8],[2,4,5,8],[2,4,6,7],[2,4,6,9],[2,4,8,9],[2,6,8,9],[3,4,5,7],[3,4,5,9],[3,4,6,8],[3,4,8,9],[3,5,6,9],[3,5,7,8],[3,6,7,9],[3,7,8,9],[4,5,6,8],[4,5,6,9]]

4203_29=[[1,2,3,4],[1,2,3,5],[1,2,4,5],[1,3,4,6],[1,3,5,6],[1,4,5,7],[1,4,6,7],[1,5,6,8],[1,5,7,8],[1,6,7,9],[1,6,8,9],[1,7,8,9],[2,3,4,7],[2,3,5,9],[2,3,6,7],[2,3,6,8],[2,3,8,9],[2,4,5,6],[2,4,6,7],[2,5,6,9],[2,6,8,9],[3,4,5,8],[3,4,5,9],[3,4,6,8],[3,4,7,9],[3,5,6,7],[3,5,7,8],[3,7,8,9],[4,5,6,8],[4,5,7,9],[5,6,7,9]]

4203_30=[[1,2,3,4],[1,2,3,5],[1,2,4,5],[1,3,4,6],[1,3,5,6],[1,4,5,7],[1,4,6,7],[1,5,6,8],[1,5,7,8],[1,6,7,9],[1,6,8,9],[1,7,8,9],[2,3,4,7],[2,3,5,9],[2,3,6,7],[2,3,6,9],[2,4,5,6],[2,4,6,7],[2,5,6,9],[3,4,5,8],[3,4,5,9],[3,4,6,8],[3,4,7,9],[3,5,6,7],[3,5,7,8],[3,6,8,9],[3,7,8,9],[4,5,6,8],[4,5,7,9],[5,6,7,9]]

4203_31=[[1,2,3,4],[1,2,3,5],[1,2,4,5],[1,3,4,6],[1,3,5,6],[1,4,5,7],[1,4,6,7],[1,5,6,8],[1,5,7,8],[1,6,7,9],[1,6,8,9],[1,7,8,9],[2,3,4,7],[2,3,5,9],[2,3,6,7],[2,3,6,9],[2,4,5,8],[2,4,6,7],[2,4,6,8],[2,5,6,8],[2,5,6,9],[3,4,5,8],[3,4,5,9],[3,4,6,8],[3,4,7,9],[3,5,6,7],[3,5,7,8],[3,6,8,9],[3,7,8,9],[4,5,7,9],[5,6,7,9]]

4203_32=[[1,2,3,4],[1,2,3,5],[1,2,4,5],[1,3,4,6],[1,3,5,6],[1,4,5,7],[1,4,6,7],[1,5,6,8],[1,5,7,9],[1,5,8,9],[1,6,7,8],[1,7,8,9],[2,3,4,6],[2,3,5,8],[2,3,6,9],[2,3,7,8],[2,3,7,9],[2,4,5,6],[2,5,6,7],[2,5,7,8],[2,6,7,9],[3,5,6,7],[3,5,7,9],[3,5,8,9],[3,6,7,8],[3,6,8,9],[4,5,6,8],[4,5,7,8],[4,6,7,9],[4,6,8,9],[4,7,8,9]]

4203_33=[[1,2,3,4],[1,2,3,5],[1,2,4,5],[1,3,4,6],[1,3,5,6],[1,4,5,7],[1,4,6,7],[1,5,6,8],[1,5,7,9],[1,5,8,9],[1,6,7,8],[1,7,8,9],[2,3,4,7],[2,3,5,7],[2,4,5,6],[2,4,6,8],[2,4,7,9],[2,4,8,9],[2,5,6,8],[2,5,7,8],[2,7,8,9],[3,4,6,8],[3,4,7,8],[3,5,6,7],[3,6,7,8],[4,5,6,9],[4,5,7,8],[4,5,8,9],[4,6,7,9],[5,6,7,9]]

4203_34=[[1,2,3,4],[1,2,3,5],[1,2,4,5],[1,3,4,6],[1,3,5,6],[1,4,5,7],[1,4,6,7],[1,5,6,8],[1,5,7,9],[1,5,8,9],[1,6,7,8],[1,7,8,9],[2,3,4,7],[2,3,5,7],[2,4,5,6],[2,4,6,8],[2,4,7,9],[2,4,8,9],[2,5,6,8],[2,5,7,8],[2,7,8,9],[3,4,6,8],[3,4,7,8],[3,5,6,9],[3,5,7,9],[3,6,7,8],[3,6,7,9],[4,5,6,9],[4,5,7,8],[4,5,8,9],[4,6,7,9]]

4203_35=[[1,2,3,4],[1,2,3,5],[1,2,4,5],[1,3,4,6],[1,3,5,6],[1,4,5,7],[1,4,6,7],[1,5,6,8],[1,5,7,9],[1,5,8,9],[1,6,7,8],[1,7,8,9],[2,3,4,7],[2,3,5,8],[2,3,6,7],[2,3,6,9],[2,3,8,9],[2,4,5,6],[2,4,6,7],[2,5,6,8],[2,6,8,9],[3,4,5,7],[3,4,5,8],[3,4,6,8],[3,5,6,9],[3,5,7,9],[3,6,7,8],[3,7,8,9],[4,5,6,9],[4,5,8,9],[4,6,8,9]]

4203_36=[[1,2,3,4],[1,2,3,5],[1,2,4,5],[1,3,4,6],[1,3,5,6],[1,4,5,7],[1,4,6,7],[1,5,6,8],[1,5,7,9],[1,5,8,9],[1,6,7,8],[1,7,8,9],[2,3,4,7],[2,3,5,8],[2,3,6,8],[2,3,6,9],[2,3,7,9],[2,4,5,6],[2,4,6,7],[2,5,6,8],[2,6,7,9],[3,4,5,7],[3,4,5,8],[3,4,6,9],[3,4,8,9],[3,5,6,7],[3,6,7,8],[3,7,8,9],[4,5,6,9],[4,5,8,9],[5,6,7,9]]

4203_37=[[1,2,3,4],[1,2,3,5],[1,2,4,5],[1,3,4,6],[1,3,5,6],[1,4,5,7],[1,4,6,7],[1,5,6,8],[1,5,7,9],[1,5,8,9],[1,6,7,8],[1,7,8,9],[2,3,4,7],[2,3,5,8],[2,3,6,8],[2,3,6,9],[2,3,7,9],[2,4,5,6],[2,4,6,7],[2,5,6,8],[2,6,7,9],[3,4,5,7],[3,4,5,9],[3,4,6,9],[3,5,6,7],[3,5,8,9],[3,6,7,8],[3,7,8,9],[4,5,6,9],[5,6,7,9]]

4203_38=[[1,2,3,4],[1,2,3,5],[1,2,4,5],[1,3,4,6],[1,3,5,6],[1,4,5,7],[1,4,6,7],[1,5,6,8],[1,5,7,9],[1,5,8,9],[1,6,7,8],[1,7,8,9],[2,3,4,7],[2,3,5,8],[2,3,6,8],[2,3,6,9],[2,3,7,9],[2,4,5,8],[2,4,6,7],[2,4,6,8],[2,6,7,9],[3,4,5,7],[3,4,5,9],[3,4,6,9],[3,5,6,7],[3,5,8,9],[3,6,7,8],[3,7,8,9],[4,5,6,8],[4,5,6,9],[5,6,7,9]]

4203_39=[[1,2,3,4],[1,2,3,5],[1,2,4,5],[1,3,4,6],[1,3,5,6],[1,4,5,7],[1,4,6,7],[1,5,6,8],[1,5,7,9],[1,5,8,9],[1,6,7,8],[1,7,8,9],[2,3,4,7],[2,3,5,9],[2,3,6,7],[2,3,6,9],[2,4,5,6],[2,4,6,9],[2,4,7,9],[2,5,6,7],[2,5,7,8],[2,5,8,9],[2,7,8,9],[3,4,6,8],[3,4,7,8],[3,5,6,9],[3,6,7,8],[4,5,6,8],[4,5,7,8],[4,6,7,9],[5,6,7,9]]

4203_40=[[1,2,3,4],[1,2,3,5],[1,2,4,5],[1,3,4,6],[1,3,5,6],[1,4,5,7],[1,4,6,7],[1,5,6,8],[1,5,7,9],[1,5,8,9],[1,6,7,8],[1,7,8,9],[2,3,4,9],[2,3,5,7],[2,3,7,9],[2,4,5,6],[2,4,6,7],[2,4,7,8],[2,4,8,9],[2,5,6,7],[2,7,8,9],[3,4,5,7],[3,4,5,9],[3,4,6,8],[3,4,7,8],[3,5,6,9],[3,6,7,8],[3,6,7,9],[4,5,6,8],[4,5,8,9],[5,6,7,9]]

4203_41=[[1,2,3,4],[1,2,3,5],[1,2,4,5],[1,3,4,6],[1,3,5,6],[1,4,5,7],[1,4,6,7],[1,5,6,8],[1,5,7,9],[1,5,8,9],[1,6,7,9],[1,6,8,9],[2,3,4,9],[2,3,5,7],[2,3,7,8],[2,3,8,9],[2,4,5,9],[2,5,6,7],[2,5,6,9],[2,6,7,9],[2,7,8,9],[3,4,6,7],[3,4,7,9],[3,5,6,9],[3,5,7,9],[3,6,7,8],[3,6,8,9],[4,5,7,8],[4,5,8,9],[4,7,8,9],[5,6,7,8]]

4203_42=[[1,2,3,4],[1,2,3,5],[1,2,4,5],[1,3,4,6],[1,3,5,6],[1,4,5,7],[1,4,6,7],[1,5,6,8],[1,5,7,9],[1,5,8,9],[1,6,7,9],[1,6,8,9],[2,3,4,9],[2,3,5,7],[2,3,7,9],[2,4,5,8],[2,4,6,8],[2,4,6,9],[2,5,6,8],[2,5,6,9],[2,5,7,9],[3,4,5,7],[3,4,5,9],[3,4,6,8],[3,4,7,8],[3,5,6,9],[3,6,8,9],[3,7,8,9],[4,5,8,9],[4,6,7,9],[4,7,8,9]]

4203_43=[[1,2,3,4],[1,2,3,5],[1,2,4,5],[1,3,4,6],[1,3,5,6],[1,4,5,7],[1,4,6,7],[1,5,6,8],[1,5,7,9],[1,5,8,9],[1,6,7,9],[1,6,8,9],[2,3,4,9],[2,3,5,9],[2,4,5,6],[2,4,6,8],[2,4,8,9],[2,5,6,8],[2,5,7,8],[2,5,7,9],[2,7,8,9],[3,4,6,8],[3,4,7,8],[3,4,7,9],[3,5,6,9],[3,6,8,9],[3,7,8,9],[4,5,6,9],[4,5,7,8],[4,5,8,9],[4,6,7,9]]

4203_44=[[1,2,3,4],[1,2,3,5],[1,2,4,5],[1,3,4,6],[1,3,5,6],[1,4,5,7],[1,4,6,8],[1,4,7,8],[1,5,6,8],[1,5,7,8],[2,3,4,6],[2,3,5,9],[2,3,6,8],[2,3,8,9],[2,4,5,8],[2,4,6,7],[2,4,7,8],[2,5,6,8],[2,5,6,9],[2,6,7,9],[2,7,8,9],[3,5,6,7],[3,5,7,8],[3,5,8,9],[3,6,7,8],[4,5,6,7],[4,5,6,9],[4,5,8,9],[4,6,8,9],[6,7,8,9]]

4203_45=[[1,2,3,4],[1,2,3,5],[1,2,4,5],[1,3,4,6],[1,3,5,6],[1,4,5,7],[1,4,6,8],[1,4,7,8],[1,5,6,8],[1,5,7,8],[2,3,4,7],[2,3,5,8],[2,3,6,7],[2,3,6,9],[2,3,8,9],[2,4,5,9],[2,4,7,8],[2,4,8,9],[2,5,6,8],[2,5,6,9],[2,6,7,8],[3,4,5,7],[3,4,5,8],[3,4,6,8],[3,5,6,9],[3,5,7,9],[3,6,7,8],[3,7,8,9],[4,5,8,9],[5,7,8,9]]

4203_46=[[1,2,3,4],[1,2,3,5],[1,2,4,5],[1,3,4,6],[1,3,5,6],[1,4,5,7],[1,4,6,8],[1,4,7,8],[1,5,6,9],[1,5,7,8],[1,5,8,9],[1,6,8,9],[2,3,4,6],[2,3,5,8],[2,3,6,9],[2,3,8,9],[2,4,5,9],[2,4,6,7],[2,4,7,8],[2,4,8,9],[2,5,6,8],[2,5,6,9],[2,6,7,8],[3,5,6,7],[3,5,7,8],[3,6,7,8],[3,6,8,9],[4,5,6,7],[4,5,6,8],[4,5,8,9]]

4203_47=[[1,2,3,4],[1,2,3,5],[1,2,4,5],[1,3,4,6],[1,3,5,6],[1,4,5,7],[1,4,6,8],[1,4,7,8],[1,5,6,9],[1,5,7,8],[1,5,8,9],[1,6,8,9],[2,3,4,6],[2,3,5,8],[2,3,6,9],[2,3,8,9],[2,4,5,9],[2,4,6,7],[2,4,7,8],[2,4,8,9],[2,5,6,8],[2,5,6,9],[2,6,7,8],[3,5,6,7],[3,5,7,8],[3,6,7,9],[3,7,8,9],[4,5,6,7],[4,5,6,8],[4,5,8,9],[6,7,8,9]]

4203_48=[[1,2,3,4],[1,2,3,5],[1,2,4,5],[1,3,4,6],[1,3,5,6],[1,4,5,7],[1,4,6,8],[1,4,7,8],[1,5,6,9],[1,5,7,8],[1,5,8,9],[1,6,8,9],[2,3,4,6],[2,3,5,8],[2,3,6,9],[2,3,8,9],[2,4,5,9],[2,4,6,7],[2,4,7,9],[2,5,6,8],[2,5,6,9],[2,6,7,8],[2,7,8,9],[3,5,6,7],[3,5,7,8],[3,6,7,8],[3,6,8,9],[4,5,6,7],[4,5,6,8],[4,5,8,9],[4,7,8,9]]

4203_49=[[1,2,3,4],[1,2,3,5],[1,2,4,5],[1,3,4,6],[1,3,5,6],[1,4,5,7],[1,4,6,8],[1,4,7,8],[1,5,6,9],[1,5,7,8],[1,5,8,9],[1,6,8,9],[2,3,4,6],[2,3,5,9],[2,3,6,7],[2,3,7,8],[2,3,8,9],[2,4,5,8],[2,4,6,9],[2,4,8,9],[2,5,6,7],[2,5,6,9],[2,5,7,8],[3,5,6,8],[3,5,8,9],[3,6,7,8],[4,5,6,7],[4,5,6,8],[4,6,7,9],[4,7,8,9],[6,7,8,9]]

4203_50=[[1,2,3,4],[1,2,3,5],[1,2,4,5],[1,3,4,6],[1,3,5,6],[1,4,5,7],[1,4,6,8],[1,4,7,8],[1,5,6,9],[1,5,7,8],[1,5,8,9],[1,6,8,9],[2,3,4,7],[2,3,5,7],[2,4,5,8],[2,4,6,8],[2,4,6,9],[2,4,7,9],[2,5,6,7],[2,5,6,8],[2,6,7,9],[3,4,6,7],[3,5,6,8],[3,5,7,8],[3,6,7,9],[3,6,8,9],[3,7,8,9],[4,5,6,7],[4,5,6,9],[4,5,8,9],[4,7,8,9]]

4203_51=[[1,2,3,4],[1,2,3,5],[1,2,4,5],[1,3,4,6],[1,3,5,6],[1,4,5,7],[1,4,6,8],[1,4,7,8],[1,5,6,9],[1,5,7,8],[1,5,8,9],[1,6,8,9],[2,3,4,7],[2,3,5,7],[2,4,5,9],[2,4,6,7],[2,4,6,9],[2,5,6,8],[2,5,6,9],[2,5,7,8],[2,6,7,8],[3,4,6,9],[3,4,7,8],[3,4,8,9],[3,5,6,7],[3,6,7,8],[3,6,8,9],[4,5,6,7],[4,5,6,8],[4,5,8,9]]

4203_52=[[1,2,3,4],[1,2,3,5],[1,2,4,5],[1,3,4,6],[1,3,5,6],[1,4,5,7],[1,4,6,8],[1,4,7,8],[1,5,6,9],[1,5,7,8],[1,5,8,9],[1,6,8,9],[2,3,4,7],[2,3,5,7],[2,4,5,9],[2,4,6,7],[2,4,6,9],[2,5,6,8],[2,5,6,9],[2,5,7,8],[2,6,7,8],[3,4,6,9],[3,4,7,9],[3,5,6,7],[3,6,7,8],[3,6,8,9],[3,7,8,9],[4,5,6,7],[4,5,6,8],[4,5,8,9],[4,7,8,9]]

4203_53=[[1,2,3,4],[1,2,3,5],[1,2,4,5],[1,3,4,6],[1,3,5,6],[1,4,5,7],[1,4,6,8],[1,4,7,8],[1,5,6,9],[1,5,7,8],[1,5,8,9],[1,6,8,9],[2,3,4,7],[2,3,5,7],[2,4,5,9],[2,4,6,7],[2,4,6,9],[2,5,6,8],[2,5,6,9],[2,5,7,8],[2,6,7,8],[3,4,6,9],[3,4,7,9],[3,5,6,7],[3,6,7,9],[4,5,6,7],[4,5,6,8],[4,5,8,9],[4,7,8,9],[6,7,8,9]]

4203_54=[[1,2,3,4],[1,2,3,5],[1,2,4,5],[1,3,4,6],[1,3,5,6],[1,4,5,7],[1,4,6,8],[1,4,7,8],[1,5,6,9],[1,5,7,8],[1,5,8,9],[1,6,8,9],[2,3,4,7],[2,3,5,8],[2,3,6,7],[2,3,6,8],[2,4,5,9],[2,4,6,7],[2,4,6,9],[2,5,6,8],[2,5,6,9],[3,4,6,9],[3,4,7,9],[3,5,6,7],[3,5,7,8],[3,6,8,9],[3,7,8,9],[4,5,6,7],[4,5,6,8],[4,5,8,9],[4,7,8,9]]

4203_55=[[1,2,3,4],[1,2,3,5],[1,2,4,5],[1,3,4,6],[1,3,5,6],[1,4,5,7],[1,4,6,8],[1,4,7,8],[1,5,6,9],[1,5,7,8],[1,5,8,9],[1,6,8,9],[2,3,4,7],[2,3,5,8],[2,3,6,7],[2,3,6,8],[2,4,5,9],[2,4,7,8],[2,4,8,9],[2,5,8,9],[2,6,7,8],[3,4,5,7],[3,4,5,8],[3,4,6,9],[3,4,8,9],[3,5,6,7],[3,6,8,9],[4,5,6,8],[4,5,6,9],[5,6,7,8]]

4203_56=[[1,2,3,4],[1,2,3,5],[1,2,4,5],[1,3,4,6],[1,3,5,6],[1,4,5,7],[1,4,6,8],[1,4,7,8],[1,5,6,9],[1,5,7,8],[1,5,8,9],[1,6,8,9],[2,3,4,7],[2,3,5,8],[2,3,6,7],[2,3,6,8],[2,4,5,9],[2,4,7,9],[2,5,8,9],[2,6,7,8],[2,7,8,9],[3,4,5,7],[3,4,5,8],[3,4,6,9],[3,4,8,9],[3,5,6,7],[3,6,8,9],[4,5,6,8],[4,5,6,9],[4,7,8,9],[5,6,7,8]]

4203_57=[[1,2,3,4],[1,2,3,5],[1,2,4,5],[1,3,4,6],[1,3,5,6],[1,4,5,7],[1,4,6,8],[1,4,7,8],[1,5,6,9],[1,5,7,8],[1,5,8,9],[1,6,8,9],[2,3,4,7],[2,3,5,8],[2,3,6,7],[2,3,6,9],[2,3,8,9],[2,4,5,6],[2,4,6,7],[2,5,6,9],[2,5,8,9],[3,4,5,7],[3,4,5,8],[3,4,6,9],[3,4,8,9],[3,5,6,7],[4,5,6,8],[4,6,7,9],[4,7,8,9],[5,6,7,8],[6,7,8,9]]

4203_58=[[1,2,3,4],[1,2,3,5],[1,2,4,5],[1,3,4,6],[1,3,5,6],[1,4,5,7],[1,4,6,8],[1,4,7,8],[1,5,6,9],[1,5,7,8],[1,5,8,9],[1,6,8,9],[2,3,4,7],[2,3,5,8],[2,3,6,7],[2,3,6,9],[2,3,8,9],[2,4,5,6],[2,4,6,9],[2,4,7,8],[2,4,8,9],[2,5,6,7],[2,5,7,8],[3,4,6,7],[3,5,6,8],[3,6,8,9],[4,5,6,8],[4,5,7,9],[4,5,8,9],[4,6,7,9],[5,6,7,9]]

4203_59=[[1,2,3,4],[1,2,3,5],[1,2,4,5],[1,3,4,6],[1,3,5,6],[1,4,5,7],[1,4,6,8],[1,4,7,8],[1,5,6,9],[1,5,7,8],[1,5,8,9],[1,6,8,9],[2,3,4,7],[2,3,5,8],[2,3,7,8],[2,4,5,6],[2,4,6,8],[2,4,7,9],[2,4,8,9],[2,5,6,7],[2,5,7,9],[2,5,8,9],[2,6,7,8],[3,4,6,9],[3,4,7,8],[3,4,8,9],[3,5,6,8],[3,6,8,9],[4,5,6,9],[4,5,7,9],[5,6,7,8]]

4203_60=[[1,2,3,4],[1,2,3,5],[1,2,4,5],[1,3,4,6],[1,3,5,6],[1,4,5,7],[1,4,6,8],[1,4,7,8],[1,5,6,9],[1,5,7,8],[1,5,8,9],[1,6,8,9],[2,3,4,7],[2,3,5,8],[2,3,7,8],[2,4,5,6],[2,4,6,8],[2,4,7,9],[2,4,8,9],[2,5,6,9],[2,5,8,9],[2,6,7,8],[2,6,7,9],[3,4,6,9],[3,4,7,8],[3,4,8,9],[3,5,6,8],[3,6,8,9],[4,5,6,7],[4,6,7,9],[5,6,7,8]]

4203_61=[[1,2,3,4],[1,2,3,5],[1,2,4,5],[1,3,4,6],[1,3,5,6],[1,4,5,7],[1,4,6,8],[1,4,7,8],[1,5,6,9],[1,5,7,8],[1,5,8,9],[1,6,8,9],[2,3,4,7],[2,3,5,8],[2,3,7,8],[2,4,5,6],[2,4,6,9],[2,4,7,9],[2,5,6,9],[2,5,8,9],[2,7,8,9],[3,4,5,7],[3,4,5,8],[3,4,6,9],[3,4,8,9],[3,5,6,7],[3,6,7,8],[3,6,8,9],[4,5,6,8],[4,7,8,9],[5,6,7,8]]

4203_62=[[1,2,3,4],[1,2,3,5],[1,2,4,5],[1,3,4,6],[1,3,5,6],[1,4,5,7],[1,4,6,8],[1,4,7,8],[1,5,6,9],[1,5,7,8],[1,5,8,9],[1,6,8,9],[2,3,4,7],[2,3,5,8],[2,3,7,8],[2,4,5,9],[2,4,7,8],[2,4,8,9],[2,5,8,9],[3,4,5,7],[3,4,5,8],[3,4,6,9],[3,4,8,9],[3,5,6,7],[3,6,7,8],[3,6,8,9],[4,5,6,8],[4,5,6,9],[5,6,7,8]]

4203_63=[[1,2,3,4],[1,2,3,5],[1,2,4,5],[1,3,4,6],[1,3,5,6],[1,4,5,7],[1,4,6,8],[1,4,7,8],[1,5,6,9],[1,5,7,8],[1,5,8,9],[1,6,8,9],[2,3,4,7],[2,3,5,8],[2,3,7,8],[2,4,5,9],[2,4,7,8],[2,4,8,9],[2,5,8,9],[3,4,5,7],[3,4,5,8],[3,4,6,9],[3,4,8,9],[3,5,6,7],[3,6,7,9],[3,7,8,9],[4,5,6,8],[4,5,6,9],[5,6,7,8],[6,7,8,9]]

4203_64=[[1,2,3,4],[1,2,3,5],[1,2,4,5],[1,3,4,6],[1,3,5,6],[1,4,5,7],[1,4,6,8],[1,4,7,8],[1,5,6,9],[1,5,7,8],[1,5,8,9],[1,6,8,9],[2,3,4,7],[2,3,5,9],[2,3,6,7],[2,3,6,9],[2,4,5,6],[2,4,6,7],[2,5,6,9],[3,4,5,7],[3,4,5,8],[3,4,6,9],[3,4,8,9],[3,5,6,7],[3,5,8,9],[4,5,6,8],[4,6,7,9],[4,7,8,9],[5,6,7,8],[6,7,8,9]]

4203_65=[[1,2,3,4],[1,2,3,5],[1,2,4,5],[1,3,4,6],[1,3,5,6],[1,4,5,7],[1,4,6,8],[1,4,7,8],[1,5,6,9],[1,5,7,8],[1,5,8,9],[1,6,8,9],[2,3,4,7],[2,3,5,9],[2,3,6,7],[2,3,6,9],[2,4,5,6],[2,4,6,7],[2,5,6,9],[3,4,5,7],[3,4,5,9],[3,4,6,9],[3,5,6,7],[4,5,6,8],[4,5,8,9],[4,6,7,9],[4,7,8,9],[5,6,7,8],[6,7,8,9]]

4203_66=[[1,2,3,4],[1,2,3,5],[1,2,4,5],[1,3,4,6],[1,3,5,6],[1,4,5,7],[1,4,6,8],[1,4,7,8],[1,5,6,9],[1,5,7,8],[1,5,8,9],[1,6,8,9],[2,3,4,7],[2,3,5,9],[2,3,6,7],[2,3,6,9],[2,4,5,8],[2,4,6,7],[2,4,6,8],[2,5,6,8],[2,5,6,9],[3,4,5,7],[3,4,5,8],[3,4,6,9],[3,4,8,9],[3,5,6,7],[3,5,8,9],[4,6,7,9],[4,7,8,9],[5,6,7,8],[6,7,8,9]]

4203_67=[[1,2,3,4],[1,2,3,5],[1,2,4,5],[1,3,4,6],[1,3,5,6],[1,4,5,7],[1,4,6,8],[1,4,7,8],[1,5,6,9],[1,5,7,8],[1,5,8,9],[1,6,8,9],[2,3,4,7],[2,3,5,9],[2,3,6,7],[2,3,6,9],[2,4,5,8],[2,4,6,7],[2,4,6,8],[2,5,6,8],[2,5,6,9],[3,4,5,7],[3,4,5,9],[3,4,6,9],[3,5,6,7],[4,5,8,9],[4,6,7,9],[4,7,8,9],[5,6,7,8],[6,7,8,9]]

4203_68=[[1,2,3,4],[1,2,3,5],[1,2,4,5],[1,3,4,6],[1,3,5,6],[1,4,5,7],[1,4,6,8],[1,4,7,8],[1,5,6,9],[1,5,7,8],[1,5,8,9],[1,6,8,9],[2,3,4,8],[2,3,5,7],[2,3,6,7],[2,3,6,8],[2,4,5,6],[2,4,6,8],[2,5,6,7],[3,4,5,7],[3,4,5,9],[3,4,6,7],[3,4,8,9],[3,5,6,8],[3,5,8,9],[4,5,6,9],[4,6,7,9],[4,7,8,9],[5,6,7,8],[6,7,8,9]]

4203_69=[[1,2,3,4],[1,2,3,5],[1,2,4,5],[1,3,4,6],[1,3,5,6],[1,4,5,7],[1,4,6,8],[1,4,7,8],[1,5,6,9],[1,5,7,8],[1,5,8,9],[1,6,8,9],[2,3,4,8],[2,3,5,7],[2,3,6,7],[2,3,6,8],[2,4,5,6],[2,4,6,8],[2,5,6,7],[3,4,5,7],[3,4,5,9],[3,4,6,9],[3,4,7,8],[3,5,6,8],[3,5,8,9],[3,6,7,9],[3,7,8,9],[4,5,6,9],[5,6,7,8],[6,7,8,9]]

4203_70=[[1,2,3,4],[1,2,3,5],[1,2,4,5],[1,3,4,6],[1,3,5,6],[1,4,5,7],[1,4,6,8],[1,4,7,8],[1,5,6,9],[1,5,7,8],[1,5,8,9],[1,6,8,9],[2,3,4,8],[2,3,5,7],[2,3,6,7],[2,3,6,8],[2,4,5,6],[2,4,6,9],[2,4,8,9],[2,5,6,7],[2,6,8,9],[3,4,6,7],[3,4,7,8],[3,5,6,8],[3,5,7,8],[4,5,6,8],[4,5,7,9],[4,5,8,9],[4,6,7,9],[5,6,7,9]]

4203_71=[[1,2,3,4],[1,2,3,5],[1,2,4,5],[1,3,4,6],[1,3,5,6],[1,4,5,7],[1,4,6,8],[1,4,7,8],[1,5,6,9],[1,5,7,8],[1,5,8,9],[1,6,8,9],[2,3,4,8],[2,3,5,7],[2,3,6,7],[2,3,6,8],[2,4,5,9],[2,4,6,8],[2,4,6,9],[2,5,6,7],[2,5,6,9],[3,4,5,7],[3,4,5,8],[3,4,6,7],[3,5,6,8],[4,5,8,9],[4,6,7,9],[4,7,8,9],[5,6,7,8],[6,7,8,9]]

4203_72=[[1,2,3,4],[1,2,3,5],[1,2,4,5],[1,3,4,6],[1,3,5,6],[1,4,5,7],[1,4,6,8],[1,4,7,8],[1,5,6,9],[1,5,7,8],[1,5,8,9],[1,6,8,9],[2,3,4,8],[2,3,5,7],[2,3,6,7],[2,3,6,8],[2,4,5,9],[2,4,6,8],[2,4,6,9],[2,5,6,7],[2,5,6,9],[3,4,5,7],[3,4,5,8],[3,4,6,9],[3,4,7,9],[3,5,6,8],[3,6,7,9],[4,5,8,9],[4,7,8,9],[5,6,7,8],[6,7,8,9]]

4203_73=[[1,2,3,4],[1,2,3,5],[1,2,4,5],[1,3,4,6],[1,3,5,6],[1,4,5,7],[1,4,6,8],[1,4,7,8],[1,5,6,9],[1,5,7,8],[1,5,8,9],[1,6,8,9],[2,3,4,8],[2,3,5,7],[2,3,6,7],[2,3,6,8],[2,4,5,9],[2,4,6,8],[2,4,6,9],[2,5,6,7],[2,5,6,9],[3,4,5,7],[3,4,5,9],[3,4,6,7],[3,4,8,9],[3,5,6,8],[3,5,8,9],[4,6,7,9],[4,7,8,9],[5,6,7,8],[6,7,8,9]]

4203_74=[[1,2,3,4],[1,2,3,5],[1,2,4,5],[1,3,4,6],[1,3,5,6],[1,4,5,7],[1,4,6,8],[1,4,7,8],[1,5,6,9],[1,5,7,8],[1,5,8,9],[1,6,8,9],[2,3,4,8],[2,3,5,7],[2,3,7,8],[2,4,5,6],[2,4,6,8],[2,5,6,8],[2,5,7,8],[3,4,5,7],[3,4,5,9],[3,4,6,7],[3,4,8,9],[3,5,6,8],[3,5,8,9],[3,6,7,8],[4,5,6,9],[4,6,7,9],[4,7,8,9],[6,7,8,9]]

4203_75=[[1,2,3,4],[1,2,3,5],[1,2,4,5],[1,3,4,6],[1,3,5,6],[1,4,5,7],[1,4,6,8],[1,4,7,8],[1,5,6,9],[1,5,7,8],[1,5,8,9],[1,6,8,9],[2,3,4,8],[2,3,5,7],[2,3,7,8],[2,4,5,9],[2,4,6,8],[2,4,6,9],[2,5,6,7],[2,5,6,9],[2,6,7,8],[3,4,5,7],[3,4,5,8],[3,4,6,9],[3,4,7,9],[3,5,6,8],[3,6,8,9],[3,7,8,9],[4,5,8,9],[4,7,8,9],[5,6,7,8]]

4203_76=[[1,2,3,4],[1,2,3,5],[1,2,4,5],[1,3,4,6],[1,3,5,6],[1,4,5,7],[1,4,6,8],[1,4,7,8],[1,5,6,9],[1,5,7,8],[1,5,8,9],[1,6,8,9],[2,3,4,8],[2,3,5,7],[2,3,7,8],[2,4,5,9],[2,4,6,8],[2,4,6,9],[2,5,6,8],[2,5,6,9],[2,5,7,8],[3,4,5,7],[3,4,5,8],[3,4,6,7],[3,5,6,8],[3,6,7,8],[4,5,8,9],[4,6,7,9],[4,7,8,9],[6,7,8,9]]

4203_77=[[1,2,3,4],[1,2,3,5],[1,2,4,5],[1,3,4,6],[1,3,5,6],[1,4,5,7],[1,4,6,8],[1,4,7,8],[1,5,6,9],[1,5,7,8],[1,5,8,9],[1,6,8,9],[2,3,4,8],[2,3,5,7],[2,3,7,8],[2,4,5,9],[2,4,6,8],[2,4,6,9],[2,5,6,8],[2,5,6,9],[2,5,7,8],[3,4,5,7],[3,4,5,8],[3,4,6,7],[3,5,6,8],[3,6,7,9],[3,6,8,9],[3,7,8,9],[4,5,8,9],[4,6,7,9],[4,7,8,9]]

4203_78=[[1,2,3,4],[1,2,3,5],[1,2,4,5],[1,3,4,6],[1,3,5,6],[1,4,5,7],[1,4,6,8],[1,4,7,8],[1,5,6,9],[1,5,7,8],[1,5,8,9],[1,6,8,9],[2,3,4,8],[2,3,5,7],[2,3,7,8],[2,4,5,9],[2,4,6,8],[2,4,6,9],[2,5,6,8],[2,5,6,9],[2,5,7,8],[3,4,5,7],[3,4,5,9],[3,4,6,7],[3,4,8,9],[3,5,6,8],[3,5,8,9],[3,6,7,8],[4,6,7,9],[4,7,8,9],[6,7,8,9]]

4203_79=[[1,2,3,4],[1,2,3,5],[1,2,4,5],[1,3,4,6],[1,3,5,6],[1,4,5,7],[1,4,6,8],[1,4,7,8],[1,5,6,9],[1,5,7,8],[1,5,8,9],[1,6,8,9],[2,3,4,8],[2,3,5,8],[2,4,5,6],[2,4,6,9],[2,4,8,9],[2,5,6,7],[2,5,7,8],[2,6,7,9],[2,7,8,9],[3,4,6,9],[3,4,7,8],[3,4,7,9],[3,5,6,8],[3,6,8,9],[3,7,8,9],[4,5,6,8],[4,5,7,9],[4,5,8,9],[5,6,7,9]]

4203_80=[[1,2,3,4],[1,2,3,5],[1,2,4,5],[1,3,4,6],[1,3,5,6],[1,4,5,7],[1,4,6,8],[1,4,7,8],[1,5,6,9],[1,5,7,8],[1,5,8,9],[1,6,8,9],[2,3,4,8],[2,3,5,9],[2,3,6,8],[2,3,6,9],[2,4,5,8],[2,5,6,7],[2,5,6,9],[2,5,7,8],[2,6,7,8],[3,4,6,7],[3,4,7,9],[3,4,8,9],[3,5,6,8],[3,5,8,9],[3,6,7,9],[4,5,6,7],[4,5,6,8],[4,7,8,9],[6,7,8,9]]

4203_81=[[1,2,3,4],[1,2,3,5],[1,2,4,5],[1,3,4,6],[1,3,5,6],[1,4,5,7],[1,4,6,8],[1,4,7,8],[1,5,6,9],[1,5,7,8],[1,5,8,9],[1,6,8,9],[2,3,4,9],[2,3,5,7],[2,3,6,7],[2,3,6,8],[2,3,8,9],[2,4,5,6],[2,4,6,8],[2,4,8,9],[2,5,6,7],[3,4,5,7],[3,4,5,9],[3,4,6,7],[3,5,6,8],[3,5,8,9],[4,5,6,9],[4,6,7,9],[4,7,8,9],[5,6,7,8],[6,7,8,9]]

4203_82=[[1,2,3,4],[1,2,3,5],[1,2,4,5],[1,3,4,6],[1,3,5,6],[1,4,5,7],[1,4,6,8],[1,4,7,8],[1,5,6,9],[1,5,7,8],[1,5,8,9],[1,6,8,9],[2,3,4,9],[2,3,5,7],[2,3,6,7],[2,3,6,9],[2,4,5,8],[2,4,6,8],[2,4,6,9],[2,5,6,7],[2,5,6,8],[3,4,6,7],[3,4,7,9],[3,5,6,8],[3,5,7,8],[3,6,8,9],[3,7,8,9],[4,5,6,7],[4,5,6,9],[4,5,8,9],[4,7,8,9]]

4203_83=[[1,2,3,4],[1,2,3,5],[1,2,4,5],[1,3,4,6],[1,3,5,6],[1,4,5,7],[1,4,6,8],[1,4,7,8],[1,5,6,9],[1,5,7,9],[1,6,7,8],[1,6,7,9],[2,3,4,6],[2,3,5,9],[2,3,6,7],[2,3,7,9],[2,4,5,8],[2,4,6,9],[2,4,7,8],[2,4,7,9],[2,5,6,7],[2,5,6,9],[2,5,7,8],[3,5,6,8],[3,5,7,8],[3,5,7,9],[3,6,7,8],[4,5,6,7],[4,5,6,8],[4,6,7,9]]

4203_84=[[1,2,3,4],[1,2,3,5],[1,2,4,5],[1,3,4,6],[1,3,5,6],[1,4,5,7],[1,4,6,8],[1,4,7,8],[1,5,6,9],[1,5,7,9],[1,6,7,8],[1,6,7,9],[2,3,4,7],[2,3,5,9],[2,3,6,7],[2,3,6,9],[2,4,5,6],[2,4,6,7],[2,5,6,9],[3,4,5,7],[3,4,5,8],[3,4,6,9],[3,4,8,9],[3,5,6,8],[3,5,7,9],[3,6,7,8],[3,7,8,9],[4,5,6,8],[4,6,7,9],[4,7,8,9]]
