
5400_1=[[1,2,3,4],[1,2,3,5],[1,2,4,5],[1,3,4,6],[1,3,5,6],[1,4,5,6],[2,3,4,7],[2,3,5,7],[2,4,5,8],[2,4,6,7],[2,4,6,9],[2,4,8,9],[2,5,6,8],[2,5,6,9],[2,5,7,9],[2,6,7,8],[2,7,8,9],[3,4,5,7],[3,4,5,8],[3,4,6,8],[3,5,6,8],[4,5,6,7],[4,6,8,9],[5,6,7,9],[6,7,8,9]]

5400_2=[[1,2,3,4],[1,2,3,5],[1,2,4,5],[1,3,4,6],[1,3,5,6],[1,4,5,6],[2,3,4,7],[2,3,5,7],[2,4,5,8],[2,4,6,7],[2,4,6,9],[2,4,8,9],[2,5,6,8],[2,5,6,9],[2,5,7,9],[2,6,7,8],[2,7,8,9],[3,4,5,7],[3,4,5,8],[3,4,6,9],[3,4,8,9],[3,5,6,8],[3,6,8,9],[4,5,6,7],[5,6,7,9],[6,7,8,9]]

5400_3=[[1,2,3,4],[1,2,3,5],[1,2,4,5],[1,3,4,6],[1,3,5,6],[1,4,5,6],[2,3,4,7],[2,3,5,7],[2,4,5,8],[2,4,7,8],[2,5,7,9],[2,5,8,9],[2,6,7,8],[2,6,7,9],[2,6,8,9],[3,4,5,7],[3,4,5,8],[3,4,6,8],[3,5,6,8],[4,5,6,7],[4,6,7,9],[4,6,8,9],[4,7,8,9],[5,6,7,8],[5,7,8,9]]

5400_4=[[1,2,3,4],[1,2,3,5],[1,2,4,5],[1,3,4,6],[1,3,5,6],[1,4,5,6],[2,3,4,7],[2,3,5,7],[2,4,5,8],[2,4,7,8],[2,5,7,9],[2,5,8,9],[2,6,7,8],[2,6,7,9],[2,6,8,9],[3,4,5,7],[3,4,5,8],[3,4,6,9],[3,4,8,9],[3,5,6,8],[3,6,8,9],[4,5,6,7],[4,6,7,9],[4,7,8,9],[5,6,7,8],[5,7,8,9]]

5400_5=[[1,2,3,4],[1,2,3,5],[1,2,4,5],[1,3,4,6],[1,3,5,6],[1,4,5,7],[1,4,6,7],[1,5,6,7],[2,3,4,6],[2,3,5,7],[2,3,6,8],[2,3,7,9],[2,3,8,9],[2,4,5,6],[2,5,6,7],[2,6,7,8],[2,7,8,9],[3,5,6,9],[3,5,7,8],[3,5,8,9],[3,6,7,8],[3,6,7,9],[4,5,6,9],[4,5,7,8],[4,5,8,9],[4,6,7,9],[4,7,8,9]]

5400_6=[[1,2,3,4],[1,2,3,5],[1,2,4,5],[1,3,4,6],[1,3,5,6],[1,4,5,7],[1,4,6,7],[1,5,6,7],[2,3,4,6],[2,3,5,7],[2,3,6,8],[2,3,7,9],[2,3,8,9],[2,4,5,6],[2,5,6,7],[2,6,7,8],[2,7,8,9],[3,5,6,9],[3,5,7,8],[3,5,8,9],[3,6,7,8],[3,6,7,9],[4,5,6,9],[4,5,7,9],[4,6,7,9],[5,7,8,9]]

5400_7=[[1,2,3,4],[1,2,3,5],[1,2,4,5],[1,3,4,6],[1,3,5,6],[1,4,5,7],[1,4,6,7],[1,5,6,7],[2,3,4,6],[2,3,5,8],[2,3,6,7],[2,3,7,9],[2,3,8,9],[2,4,5,6],[2,5,6,7],[2,5,7,8],[2,7,8,9],[3,5,6,9],[3,5,7,8],[3,5,7,9],[3,6,7,8],[3,6,8,9],[4,5,6,9],[4,5,7,9],[4,6,7,8],[4,6,8,9],[4,7,8,9]]

5400_8=[[1,2,3,4],[1,2,3,5],[1,2,4,5],[1,3,4,6],[1,3,5,6],[1,4,5,7],[1,4,6,7],[1,5,6,7],[2,3,4,6],[2,3,5,8],[2,3,6,7],[2,3,7,9],[2,3,8,9],[2,4,5,6],[2,5,6,7],[2,5,7,8],[2,7,8,9],[3,5,6,9],[3,5,7,8],[3,5,7,9],[3,6,7,8],[3,6,8,9],[4,5,6,9],[4,5,7,9],[4,6,7,9],[6,7,8,9]]

5400_9=[[1,2,3,4],[1,2,3,5],[1,2,4,5],[1,3,4,6],[1,3,5,6],[1,4,5,7],[1,4,6,7],[1,5,6,7],[2,3,4,6],[2,3,5,8],[2,3,6,9],[2,3,7,8],[2,3,7,9],[2,4,5,6],[2,5,6,7],[2,5,7,9],[2,5,8,9],[2,6,7,8],[2,6,8,9],[3,5,6,8],[3,6,8,9],[3,7,8,9],[4,5,6,8],[4,5,7,8],[4,6,7,8],[5,7,8,9]]

5400_10=[[1,2,3,4],[1,2,3,5],[1,2,4,5],[1,3,4,6],[1,3,5,6],[1,4,5,7],[1,4,6,7],[1,5,6,7],[2,3,4,6],[2,3,5,8],[2,3,6,9],[2,3,7,8],[2,3,7,9],[2,4,5,6],[2,5,6,7],[2,5,7,9],[2,5,8,9],[2,6,7,8],[2,6,8,9],[3,5,6,8],[3,6,8,9],[3,7,8,9],[4,5,6,8],[4,5,7,9],[4,5,8,9],[4,6,7,8],[4,7,8,9]]

5400_11=[[1,2,3,4],[1,2,3,5],[1,2,4,5],[1,3,4,6],[1,3,5,6],[1,4,5,7],[1,4,6,7],[1,5,6,7],[2,3,4,6],[2,3,5,8],[2,3,6,9],[2,3,7,8],[2,3,7,9],[2,4,5,6],[2,5,6,7],[2,5,7,9],[2,5,8,9],[2,6,7,8],[2,6,8,9],[3,5,6,9],[3,5,8,9],[3,7,8,9],[4,5,6,9],[4,5,7,9],[4,6,7,8],[4,6,8,9],[4,7,8,9]]

5400_12=[[1,2,3,4],[1,2,3,5],[1,2,4,5],[1,3,4,6],[1,3,5,6],[1,4,5,7],[1,4,6,7],[1,5,6,7],[2,3,4,6],[2,3,5,8],[2,3,6,9],[2,3,7,8],[2,3,7,9],[2,4,5,6],[2,5,6,7],[2,5,7,9],[2,5,8,9],[2,6,7,8],[2,6,8,9],[3,5,6,9],[3,5,8,9],[3,7,8,9],[4,5,6,9],[4,5,7,9],[4,6,7,9],[6,7,8,9]]

5400_13=[[1,2,3,4],[1,2,3,5],[1,2,4,5],[1,3,4,6],[1,3,5,6],[1,4,5,7],[1,4,6,7],[1,5,6,7],[2,3,4,7],[2,3,5,7],[2,4,5,6],[2,4,6,8],[2,4,7,8],[2,5,6,9],[2,5,7,9],[2,6,7,8],[2,6,7,9],[3,4,5,6],[3,4,5,7],[4,6,7,9],[4,6,8,9],[4,7,8,9],[5,6,7,8],[5,6,8,9],[5,7,8,9]]

5400_14=[[1,2,3,4],[1,2,3,5],[1,2,4,5],[1,3,4,6],[1,3,5,6],[1,4,5,7],[1,4,6,7],[1,5,6,7],[2,3,4,7],[2,3,5,7],[2,4,5,6],[2,4,6,8],[2,4,7,9],[2,4,8,9],[2,5,6,9],[2,5,7,8],[2,5,8,9],[2,6,7,8],[2,6,7,9],[3,4,5,6],[3,4,5,7],[4,6,7,9],[4,6,8,9],[5,6,7,8],[5,6,8,9]]

5400_15=[[1,2,3,4],[1,2,3,5],[1,2,4,5],[1,3,4,6],[1,3,5,6],[1,4,5,7],[1,4,6,7],[1,5,6,7],[2,3,4,7],[2,3,5,7],[2,4,5,8],[2,4,6,7],[2,4,6,9],[2,4,8,9],[2,5,6,8],[2,5,6,9],[2,5,7,9],[2,6,7,8],[2,7,8,9],[3,4,5,7],[3,4,5,8],[3,4,6,8],[3,5,6,8],[4,6,8,9],[5,6,7,9],[6,7,8,9]]

5400_16=[[1,2,3,4],[1,2,3,5],[1,2,4,5],[1,3,4,6],[1,3,5,6],[1,4,5,7],[1,4,6,7],[1,5,6,7],[2,3,4,7],[2,3,5,7],[2,4,5,8],[2,4,6,7],[2,4,6,9],[2,4,8,9],[2,5,6,8],[2,5,6,9],[2,5,7,9],[2,6,7,8],[2,7,8,9],[3,4,5,7],[3,4,5,8],[3,4,6,9],[3,4,8,9],[3,5,6,8],[3,6,8,9],[5,6,7,9],[6,7,8,9]]

5400_17=[[1,2,3,4],[1,2,3,5],[1,2,4,5],[1,3,4,6],[1,3,5,6],[1,4,5,7],[1,4,6,7],[1,5,6,7],[2,3,4,7],[2,3,5,7],[2,4,5,8],[2,4,7,8],[2,5,7,9],[2,5,8,9],[2,6,7,8],[2,6,7,9],[2,6,8,9],[3,4,5,6],[3,4,5,7],[4,5,6,8],[4,6,7,9],[4,6,8,9],[4,7,8,9],[5,6,7,8],[5,7,8,9]]

5400_18=[[1,2,3,4],[1,2,3,5],[1,2,4,5],[1,3,4,6],[1,3,5,6],[1,4,5,7],[1,4,6,7],[1,5,6,7],[2,3,4,7],[2,3,5,7],[2,4,5,8],[2,4,7,8],[2,5,7,9],[2,5,8,9],[2,6,7,8],[2,6,7,9],[2,6,8,9],[3,4,5,7],[3,4,5,8],[3,4,6,8],[3,5,6,8],[4,6,7,9],[4,6,8,9],[4,7,8,9],[5,6,7,8],[5,7,8,9]]

5400_19=[[1,2,3,4],[1,2,3,5],[1,2,4,5],[1,3,4,6],[1,3,5,6],[1,4,5,7],[1,4,6,7],[1,5,6,7],[2,3,4,7],[2,3,5,7],[2,4,5,8],[2,4,7,8],[2,5,7,9],[2,5,8,9],[2,6,7,8],[2,6,7,9],[2,6,8,9],[3,4,5,7],[3,4,5,8],[3,4,6,9],[3,4,8,9],[3,5,6,8],[3,6,8,9],[4,6,7,9],[4,7,8,9],[5,6,7,8],[5,7,8,9]]

5400_20=[[1,2,3,4],[1,2,3,5],[1,2,4,5],[1,3,4,6],[1,3,5,6],[1,4,5,7],[1,4,6,7],[1,5,6,7],[2,3,4,7],[2,3,5,8],[2,3,6,7],[2,3,6,9],[2,3,8,9],[2,4,5,8],[2,4,7,8],[2,6,7,9],[2,7,8,9],[3,4,6,9],[3,4,7,9],[3,5,6,8],[3,6,7,8],[3,7,8,9],[4,5,6,8],[4,5,6,9],[4,5,7,9],[4,6,7,8],[5,6,7,9]]

5400_21=[[1,2,3,4],[1,2,3,5],[1,2,4,5],[1,3,4,6],[1,3,5,6],[1,4,5,7],[1,4,6,7],[1,5,6,7],[2,3,4,7],[2,3,5,8],[2,3,6,8],[2,3,6,9],[2,3,7,9],[2,4,5,8],[2,4,6,7],[2,4,6,9],[2,4,8,9],[2,6,7,8],[2,7,8,9],[3,4,5,7],[3,4,5,8],[3,4,6,8],[3,5,6,9],[3,5,7,9],[4,6,8,9],[5,6,7,9],[6,7,8,9]]

5400_22=[[1,2,3,4],[1,2,3,5],[1,2,4,5],[1,3,4,6],[1,3,5,6],[1,4,5,7],[1,4,6,7],[1,5,6,7],[2,3,4,7],[2,3,5,8],[2,3,7,8],[2,4,5,6],[2,4,6,8],[2,4,7,9],[2,4,8,9],[2,5,6,7],[2,5,7,9],[2,5,8,9],[2,6,7,8],[3,4,5,6],[3,4,5,7],[3,5,7,9],[3,5,8,9],[3,7,8,9],[4,6,7,9],[4,6,8,9],[6,7,8,9]]

5400_23=[[1,2,3,4],[1,2,3,5],[1,2,4,5],[1,3,4,6],[1,3,5,6],[1,4,5,7],[1,4,6,7],[1,5,6,7],[2,3,4,7],[2,3,5,8],[2,3,7,8],[2,4,5,6],[2,4,6,8],[2,4,7,9],[2,4,8,9],[2,5,6,9],[2,5,8,9],[2,6,7,8],[2,6,7,9],[3,4,5,6],[3,4,5,7],[3,5,7,8],[4,6,7,9],[4,6,8,9],[5,6,7,8],[5,6,8,9]]

5400_24=[[1,2,3,4],[1,2,3,5],[1,2,4,5],[1,3,4,6],[1,3,5,6],[1,4,5,7],[1,4,6,7],[1,5,6,7],[2,3,4,7],[2,3,5,8],[2,3,7,8],[2,4,5,6],[2,4,6,8],[2,4,7,9],[2,4,8,9],[2,5,6,9],[2,5,8,9],[2,6,7,8],[2,6,7,9],[3,4,5,6],[3,4,5,7],[3,5,7,9],[3,5,8,9],[3,7,8,9],[4,6,7,8],[4,7,8,9],[5,6,7,9]]

5400_25=[[1,2,3,4],[1,2,3,5],[1,2,4,5],[1,3,4,6],[1,3,5,6],[1,4,5,7],[1,4,6,7],[1,5,6,7],[2,3,4,7],[2,3,5,8],[2,3,7,8],[2,4,5,6],[2,4,6,9],[2,4,7,9],[2,5,6,7],[2,5,7,9],[2,5,8,9],[2,6,7,8],[2,6,8,9],[3,4,5,6],[3,4,5,7],[3,5,7,8],[4,6,7,9],[5,7,8,9],[6,7,8,9]]

5400_26=[[1,2,3,4],[1,2,3,5],[1,2,4,5],[1,3,4,6],[1,3,5,6],[1,4,5,7],[1,4,6,7],[1,5,6,7],[2,3,4,7],[2,3,5,8],[2,3,7,8],[2,4,5,6],[2,4,6,9],[2,4,7,9],[2,5,6,7],[2,5,7,9],[2,5,8,9],[2,6,7,8],[2,6,8,9],[3,4,5,6],[3,4,5,7],[3,5,7,9],[3,5,8,9],[3,7,8,9],[4,6,7,8],[4,6,8,9],[4,7,8,9]]

5400_27=[[1,2,3,4],[1,2,3,5],[1,2,4,5],[1,3,4,6],[1,3,5,6],[1,4,5,7],[1,4,6,7],[1,5,6,7],[2,3,4,7],[2,3,5,8],[2,3,7,8],[2,4,5,6],[2,4,6,9],[2,4,7,9],[2,5,6,7],[2,5,7,9],[2,5,8,9],[2,6,7,8],[2,6,8,9],[3,4,5,6],[3,4,5,8],[3,4,7,8],[4,5,7,8],[4,6,7,9],[5,7,8,9],[6,7,8,9]]

5400_28=[[1,2,3,4],[1,2,3,5],[1,2,4,5],[1,3,4,6],[1,3,5,6],[1,4,5,7],[1,4,6,7],[1,5,6,7],[2,3,4,7],[2,3,5,8],[2,3,7,8],[2,4,5,6],[2,4,6,9],[2,4,7,9],[2,5,6,8],[2,6,7,8],[2,6,7,9],[3,4,5,6],[3,4,5,7],[3,5,7,8],[4,6,7,8],[4,6,8,9],[4,7,8,9],[5,6,7,9],[5,6,8,9],[5,7,8,9]]

5400_29=[[1,2,3,4],[1,2,3,5],[1,2,4,5],[1,3,4,6],[1,3,5,6],[1,4,5,7],[1,4,6,7],[1,5,6,7],[2,3,4,7],[2,3,5,8],[2,3,7,8],[2,4,5,6],[2,4,6,9],[2,4,7,9],[2,5,6,8],[2,6,7,8],[2,6,7,9],[3,4,5,6],[3,4,5,7],[3,5,7,9],[3,5,8,9],[3,7,8,9],[4,6,7,8],[4,6,8,9],[4,7,8,9],[5,6,7,9],[5,6,8,9]]

5400_30=[[1,2,3,4],[1,2,3,5],[1,2,4,5],[1,3,4,6],[1,3,5,6],[1,4,5,7],[1,4,6,7],[1,5,6,7],[2,3,4,7],[2,3,5,8],[2,3,7,8],[2,4,5,8],[2,4,7,9],[2,4,8,9],[2,6,7,8],[2,6,7,9],[2,6,8,9],[3,4,5,6],[3,4,5,7],[3,5,7,8],[4,5,6,8],[4,6,7,8],[4,7,8,9],[5,6,7,9],[5,6,8,9],[5,7,8,9]]

5400_31=[[1,2,3,4],[1,2,3,5],[1,2,4,5],[1,3,4,6],[1,3,5,6],[1,4,5,7],[1,4,6,7],[1,5,6,7],[2,3,4,7],[2,3,5,8],[2,3,7,8],[2,4,5,8],[2,4,7,9],[2,4,8,9],[2,6,7,8],[2,6,7,9],[2,6,8,9],[3,4,5,6],[3,4,5,7],[3,5,7,9],[3,5,8,9],[3,7,8,9],[4,5,6,8],[4,6,7,8],[4,7,8,9],[5,6,7,9],[5,6,8,9]]

5400_32=[[1,2,3,4],[1,2,3,5],[1,2,4,5],[1,3,4,6],[1,3,5,6],[1,4,5,7],[1,4,6,7],[1,5,6,7],[2,3,4,7],[2,3,5,8],[2,3,7,8],[2,4,5,8],[2,4,7,9],[2,4,8,9],[2,6,7,8],[2,6,7,9],[2,6,8,9],[3,4,5,7],[3,4,5,8],[3,4,6,8],[3,5,6,9],[3,5,7,9],[3,6,8,9],[3,7,8,9],[4,6,7,8],[4,7,8,9],[5,6,7,9]]

5400_33=[[1,2,3,4],[1,2,3,5],[1,2,4,5],[1,3,4,6],[1,3,5,6],[1,4,5,7],[1,4,6,7],[1,5,6,7],[2,3,4,7],[2,3,5,8],[2,3,7,8],[2,4,5,9],[2,4,6,7],[2,4,6,8],[2,4,8,9],[2,5,6,8],[2,5,6,9],[2,6,7,9],[2,7,8,9],[3,4,5,7],[3,4,5,9],[3,4,6,9],[3,5,6,9],[3,5,7,8],[4,6,8,9],[5,6,7,8],[6,7,8,9]]

5400_34=[[1,2,3,4],[1,2,3,5],[1,2,4,5],[1,3,4,6],[1,3,5,6],[1,4,5,7],[1,4,6,7],[1,5,6,7],[2,3,4,7],[2,3,5,8],[2,3,7,8],[2,4,5,9],[2,4,7,9],[2,5,8,9],[2,6,7,8],[2,6,7,9],[2,6,8,9],[3,4,5,6],[3,4,5,7],[3,5,7,8],[4,5,6,9],[4,6,7,8],[4,6,8,9],[4,7,8,9],[5,6,7,9],[5,7,8,9]]

5400_35=[[1,2,3,4],[1,2,3,5],[1,2,4,5],[1,3,4,6],[1,3,5,6],[1,4,5,7],[1,4,6,7],[1,5,6,7],[2,3,4,7],[2,3,5,8],[2,3,7,8],[2,4,5,9],[2,4,7,9],[2,5,8,9],[2,6,7,8],[2,6,7,9],[2,6,8,9],[3,4,5,6],[3,4,5,7],[3,5,7,9],[3,5,8,9],[3,7,8,9],[4,5,6,9],[4,6,7,8],[4,6,8,9],[4,7,8,9],[5,6,7,9]]

5400_36=[[1,2,3,4],[1,2,3,5],[1,2,4,5],[1,3,4,6],[1,3,5,6],[1,4,5,7],[1,4,6,7],[1,5,6,7],[2,3,4,7],[2,3,5,8],[2,3,7,8],[2,4,5,9],[2,4,7,9],[2,5,8,9],[2,6,7,8],[2,6,7,9],[2,6,8,9],[3,4,5,7],[3,4,5,9],[3,4,6,9],[3,5,6,9],[3,5,7,8],[4,6,7,8],[4,6,8,9],[4,7,8,9],[5,6,7,9],[5,7,8,9]]

5400_37=[[1,2,3,4],[1,2,3,5],[1,2,4,5],[1,3,4,6],[1,3,5,6],[1,4,5,7],[1,4,6,7],[1,5,6,7],[2,3,4,7],[2,3,5,8],[2,3,7,9],[2,3,8,9],[2,4,5,6],[2,4,6,7],[2,5,6,8],[2,6,7,9],[2,6,8,9],[3,4,5,6],[3,4,5,9],[3,4,7,8],[3,4,8,9],[3,5,7,8],[3,5,7,9],[4,5,7,9],[4,7,8,9],[5,6,7,8],[6,7,8,9]]

5400_38=[[1,2,3,4],[1,2,3,5],[1,2,4,5],[1,3,4,6],[1,3,5,6],[1,4,5,7],[1,4,6,7],[1,5,6,7],[2,3,4,7],[2,3,5,8],[2,3,7,9],[2,3,8,9],[2,4,5,6],[2,4,6,7],[2,5,6,9],[2,5,7,8],[2,5,7,9],[2,6,7,8],[2,6,8,9],[3,4,5,6],[3,4,5,8],[3,4,7,9],[3,4,8,9],[4,5,7,8],[4,7,8,9],[5,6,7,9],[6,7,8,9]]

5400_39=[[1,2,3,4],[1,2,3,5],[1,2,4,5],[1,3,4,6],[1,3,5,6],[1,4,5,7],[1,4,6,7],[1,5,6,7],[2,3,4,7],[2,3,5,8],[2,3,7,9],[2,3,8,9],[2,4,5,6],[2,4,6,8],[2,4,7,8],[2,5,6,7],[2,5,7,8],[2,6,7,9],[2,6,8,9],[3,4,5,6],[3,4,5,9],[3,4,7,9],[3,5,8,9],[4,5,7,9],[4,6,7,8],[5,7,8,9],[6,7,8,9]]

5400_40=[[1,2,3,4],[1,2,3,5],[1,2,4,5],[1,3,4,6],[1,3,5,6],[1,4,5,7],[1,4,6,7],[1,5,6,7],[2,3,4,7],[2,3,5,8],[2,3,7,9],[2,3,8,9],[2,4,5,6],[2,4,6,8],[2,4,7,8],[2,5,6,9],[2,5,7,8],[2,5,7,9],[2,6,8,9],[3,4,5,6],[3,4,5,7],[3,5,7,8],[3,7,8,9],[4,6,7,9],[4,6,8,9],[4,7,8,9],[5,6,7,9]]

5400_41=[[1,2,3,4],[1,2,3,5],[1,2,4,5],[1,3,4,6],[1,3,5,6],[1,4,5,7],[1,4,6,7],[1,5,6,7],[2,3,4,7],[2,3,5,8],[2,3,7,9],[2,3,8,9],[2,4,5,6],[2,4,6,9],[2,4,7,8],[2,4,8,9],[2,5,6,7],[2,5,7,8],[2,6,7,9],[3,4,5,6],[3,4,5,7],[3,5,7,9],[3,5,8,9],[4,6,7,8],[4,6,8,9],[5,7,8,9],[6,7,8,9]]

5400_42=[[1,2,3,4],[1,2,3,5],[1,2,4,5],[1,3,4,6],[1,3,5,6],[1,4,5,7],[1,4,6,7],[1,5,6,7],[2,3,4,7],[2,3,5,8],[2,3,7,9],[2,3,8,9],[2,4,5,6],[2,4,6,9],[2,4,7,8],[2,4,8,9],[2,5,6,8],[2,6,7,8],[2,6,7,9],[3,4,5,6],[3,4,5,7],[3,5,7,8],[3,7,8,9],[4,6,7,9],[4,7,8,9],[5,6,7,8]]

5400_43=[[1,2,3,4],[1,2,3,5],[1,2,4,5],[1,3,4,6],[1,3,5,6],[1,4,5,7],[1,4,6,7],[1,5,6,7],[2,3,4,7],[2,3,5,8],[2,3,7,9],[2,3,8,9],[2,4,5,6],[2,4,6,9],[2,4,7,8],[2,4,8,9],[2,5,6,8],[2,6,7,8],[2,6,7,9],[3,4,5,6],[3,4,5,7],[3,5,7,9],[3,5,8,9],[4,6,7,8],[4,6,8,9],[5,6,7,9],[5,6,8,9]]

5400_44=[[1,2,3,4],[1,2,3,5],[1,2,4,5],[1,3,4,6],[1,3,5,6],[1,4,5,7],[1,4,6,7],[1,5,6,7],[2,3,4,7],[2,3,5,8],[2,3,7,9],[2,3,8,9],[2,4,5,6],[2,4,6,9],[2,4,7,8],[2,4,8,9],[2,5,6,8],[2,6,7,8],[2,6,7,9],[3,4,5,6],[3,4,5,7],[3,5,7,9],[3,5,8,9],[4,6,7,9],[4,7,8,9],[5,6,7,8],[5,7,8,9]]

5400_45=[[1,2,3,4],[1,2,3,5],[1,2,4,5],[1,3,4,6],[1,3,5,6],[1,4,5,7],[1,4,6,7],[1,5,6,7],[2,3,4,7],[2,3,5,8],[2,3,7,9],[2,3,8,9],[2,4,5,6],[2,4,6,9],[2,4,7,8],[2,4,8,9],[2,5,6,9],[2,5,7,8],[2,5,7,9],[3,4,5,6],[3,4,5,7],[3,5,7,8],[3,7,8,9],[4,6,7,8],[4,6,8,9],[5,6,7,9],[6,7,8,9]]

5400_46=[[1,2,3,4],[1,2,3,5],[1,2,4,5],[1,3,4,6],[1,3,5,6],[1,4,5,7],[1,4,6,7],[1,5,6,7],[2,3,4,7],[2,3,5,8],[2,3,7,9],[2,3,8,9],[2,4,5,6],[2,4,6,9],[2,4,7,8],[2,4,8,9],[2,5,6,9],[2,5,7,8],[2,5,7,9],[3,4,5,6],[3,4,5,7],[3,5,7,8],[3,7,8,9],[4,6,7,9],[4,7,8,9],[5,6,7,9]]

5400_47=[[1,2,3,4],[1,2,3,5],[1,2,4,5],[1,3,4,6],[1,3,5,6],[1,4,5,7],[1,4,6,7],[1,5,6,7],[2,3,4,7],[2,3,5,8],[2,3,7,9],[2,3,8,9],[2,4,5,8],[2,4,7,8],[2,6,7,8],[2,6,7,9],[2,6,8,9],[3,4,5,6],[3,4,5,7],[3,5,7,8],[3,7,8,9],[4,5,6,8],[4,6,7,9],[4,6,8,9],[4,7,8,9],[5,6,7,8]]

5400_48=[[1,2,3,4],[1,2,3,5],[1,2,4,5],[1,3,4,6],[1,3,5,6],[1,4,5,7],[1,4,6,7],[1,5,6,7],[2,3,4,7],[2,3,5,8],[2,3,7,9],[2,3,8,9],[2,4,5,8],[2,4,7,8],[2,6,7,8],[2,6,7,9],[2,6,8,9],[3,4,5,6],[3,4,5,7],[3,5,7,8],[3,7,8,9],[4,5,6,9],[4,5,8,9],[4,6,7,9],[4,7,8,9],[5,6,7,8],[5,6,8,9]]

5400_49=[[1,2,3,4],[1,2,3,5],[1,2,4,5],[1,3,4,6],[1,3,5,6],[1,4,5,7],[1,4,6,7],[1,5,6,7],[2,3,4,7],[2,3,5,8],[2,3,7,9],[2,3,8,9],[2,4,5,8],[2,4,7,8],[2,6,7,8],[2,6,7,9],[2,6,8,9],[3,4,5,6],[3,4,5,7],[3,5,7,9],[3,5,8,9],[4,5,6,8],[4,6,7,9],[4,6,8,9],[4,7,8,9],[5,6,7,8],[5,7,8,9]]

5400_50=[[1,2,3,4],[1,2,3,5],[1,2,4,5],[1,3,4,6],[1,3,5,6],[1,4,5,7],[1,4,6,7],[1,5,6,7],[2,3,4,7],[2,3,5,8],[2,3,7,9],[2,3,8,9],[2,4,5,9],[2,4,6,7],[2,4,6,9],[2,5,7,8],[2,5,7,9],[2,6,7,8],[2,6,8,9],[3,4,5,6],[3,4,5,8],[3,4,7,8],[3,7,8,9],[4,5,6,9],[4,5,7,8],[5,6,7,9],[6,7,8,9]]

5400_51=[[1,2,3,4],[1,2,3,5],[1,2,4,5],[1,3,4,6],[1,3,5,6],[1,4,5,7],[1,4,6,7],[1,5,6,7],[2,3,4,7],[2,3,5,8],[2,3,7,9],[2,3,8,9],[2,4,5,9],[2,4,6,8],[2,4,6,9],[2,4,7,8],[2,5,7,8],[2,5,7,9],[2,6,8,9],[3,4,5,6],[3,4,5,7],[3,5,7,8],[3,7,8,9],[4,5,6,9],[4,6,7,8],[5,6,7,9],[6,7,8,9]]

5400_52=[[1,2,3,4],[1,2,3,5],[1,2,4,5],[1,3,4,6],[1,3,5,6],[1,4,5,7],[1,4,6,7],[1,5,6,7],[2,3,4,7],[2,3,5,8],[2,3,7,9],[2,3,8,9],[2,4,5,9],[2,4,7,8],[2,4,8,9],[2,5,6,8],[2,5,6,9],[2,6,7,8],[2,6,7,9],[3,4,5,6],[3,4,5,7],[3,5,7,8],[3,7,8,9],[4,5,6,9],[4,6,7,9],[4,7,8,9],[5,6,7,8]]

5400_53=[[1,2,3,4],[1,2,3,5],[1,2,4,5],[1,3,4,6],[1,3,5,6],[1,4,5,7],[1,4,6,7],[1,5,6,7],[2,3,4,7],[2,3,5,8],[2,3,7,9],[2,3,8,9],[2,4,5,9],[2,4,7,8],[2,4,8,9],[2,5,7,8],[2,5,7,9],[3,4,5,6],[3,4,5,7],[3,5,7,8],[3,7,8,9],[4,5,6,9],[4,6,7,8],[4,6,8,9],[5,6,7,9],[6,7,8,9]]

5400_54=[[1,2,3,4],[1,2,3,5],[1,2,4,5],[1,3,4,6],[1,3,5,6],[1,4,5,7],[1,4,6,7],[1,5,6,7],[2,3,4,8],[2,3,5,8],[2,4,5,6],[2,4,6,8],[2,5,6,9],[2,5,8,9],[2,6,7,8],[2,6,7,9],[2,7,8,9],[3,4,5,6],[3,4,5,7],[3,4,7,9],[3,4,8,9],[3,5,7,8],[3,7,8,9],[4,6,7,9],[4,6,8,9],[5,6,7,8],[5,6,8,9]]

5400_55=[[1,2,3,4],[1,2,3,5],[1,2,4,5],[1,3,4,6],[1,3,5,6],[1,4,5,7],[1,4,6,7],[1,5,6,7],[2,3,4,8],[2,3,5,9],[2,3,7,8],[2,3,7,9],[2,4,5,6],[2,4,6,8],[2,5,6,8],[2,5,8,9],[2,7,8,9],[3,4,5,6],[3,4,5,7],[3,4,7,9],[3,4,8,9],[3,5,7,8],[3,5,8,9],[4,6,7,9],[4,6,8,9],[5,6,7,8],[6,7,8,9]]

5400_56=[[1,2,3,4],[1,2,3,5],[1,2,4,5],[1,3,4,6],[1,3,5,6],[1,4,5,7],[1,4,6,7],[1,5,6,7],[2,3,4,8],[2,3,5,9],[2,3,7,8],[2,3,7,9],[2,4,5,6],[2,4,6,8],[2,5,6,9],[2,6,7,8],[2,6,7,9],[3,4,5,6],[3,4,5,7],[3,4,7,8],[3,5,7,9],[4,6,7,9],[4,6,8,9],[4,7,8,9],[5,6,7,8],[5,6,8,9],[5,7,8,9]]

5400_57=[[1,2,3,4],[1,2,3,5],[1,2,4,5],[1,3,4,6],[1,3,5,6],[1,4,5,7],[1,4,6,7],[1,5,6,7],[2,3,4,8],[2,3,5,9],[2,3,7,8],[2,3,7,9],[2,4,5,6],[2,4,6,8],[2,5,6,9],[2,6,7,8],[2,6,7,9],[3,4,5,6],[3,4,5,7],[3,4,7,9],[3,4,8,9],[3,5,7,8],[3,5,8,9],[4,6,7,8],[4,7,8,9],[5,6,7,9],[5,7,8,9]]

5400_58=[[1,2,3,4],[1,2,3,5],[1,2,4,5],[1,3,4,6],[1,3,5,6],[1,4,5,7],[1,4,6,7],[1,5,6,7],[2,3,4,8],[2,3,5,9],[2,3,7,8],[2,3,7,9],[2,4,5,6],[2,4,6,8],[2,5,6,9],[2,6,7,8],[2,6,7,9],[3,4,5,6],[3,4,5,7],[3,4,7,9],[3,4,8,9],[3,5,7,8],[3,5,8,9],[4,6,7,9],[4,6,8,9],[5,6,7,8],[5,6,8,9]]

5400_59=[[1,2,3,4],[1,2,3,5],[1,2,4,5],[1,3,4,6],[1,3,5,6],[1,4,5,7],[1,4,6,7],[1,5,6,7],[2,3,4,8],[2,3,5,9],[2,3,7,8],[2,3,7,9],[2,4,5,6],[2,4,6,8],[2,5,6,9],[2,6,7,8],[2,6,7,9],[3,4,5,6],[3,4,5,8],[3,5,8,9],[3,7,8,9],[4,5,7,8],[4,6,7,9],[4,6,8,9],[4,7,8,9],[5,6,7,8],[5,6,8,9]]

5400_60=[[1,2,3,4],[1,2,3,5],[1,2,4,5],[1,3,4,6],[1,3,5,6],[1,4,5,7],[1,4,6,7],[1,5,6,7],[2,3,4,8],[2,3,5,9],[2,3,7,8],[2,3,7,9],[2,4,5,6],[2,4,6,9],[2,4,8,9],[2,5,6,8],[2,5,8,9],[2,6,7,8],[2,6,7,9],[3,4,5,6],[3,4,5,7],[3,4,7,8],[3,5,7,9],[4,6,7,9],[4,7,8,9],[5,6,7,8],[5,7,8,9]]

5400_61=[[1,2,3,4],[1,2,3,5],[1,2,4,5],[1,3,4,6],[1,3,5,6],[1,4,5,7],[1,4,6,7],[1,5,6,7],[2,3,4,8],[2,3,5,9],[2,3,7,8],[2,3,7,9],[2,4,5,6],[2,4,6,9],[2,4,8,9],[2,5,6,8],[2,5,8,9],[2,6,7,8],[2,6,7,9],[3,4,5,6],[3,4,5,8],[3,5,8,9],[3,7,8,9],[4,5,7,8],[4,6,7,9],[4,7,8,9],[5,6,7,8]]

5400_62=[[1,2,3,4],[1,2,3,5],[1,2,4,5],[1,3,4,6],[1,3,5,6],[1,4,5,7],[1,4,6,7],[1,5,6,7],[2,3,4,8],[2,3,5,9],[2,3,7,8],[2,3,7,9],[2,4,5,8],[2,5,8,9],[2,6,7,8],[2,6,7,9],[2,6,8,9],[3,4,5,6],[3,4,5,9],[3,4,8,9],[3,7,8,9],[4,5,6,8],[4,5,7,9],[4,6,7,9],[4,6,8,9],[5,6,7,8],[5,7,8,9]]

5400_63=[[1,2,3,4],[1,2,3,5],[1,2,4,5],[1,3,4,6],[1,3,5,6],[1,4,5,7],[1,4,6,7],[1,5,6,7],[2,3,4,8],[2,3,5,9],[2,3,7,8],[2,3,7,9],[2,4,5,8],[2,5,8,9],[2,6,7,8],[2,6,7,9],[2,6,8,9],[3,4,5,8],[3,4,5,9],[3,4,6,9],[3,5,6,8],[3,6,8,9],[3,7,8,9],[4,5,7,9],[4,6,7,9],[5,6,7,8],[5,7,8,9]]

5400_64=[[1,2,3,4],[1,2,3,5],[1,2,4,5],[1,3,4,6],[1,3,5,6],[1,4,5,7],[1,4,6,7],[1,5,6,7],[2,3,4,8],[2,3,5,9],[2,3,7,8],[2,3,7,9],[2,4,5,8],[2,5,8,9],[2,7,8,9],[3,4,5,6],[3,4,5,7],[3,4,7,9],[3,4,8,9],[3,5,7,8],[3,5,8,9],[4,5,6,8],[4,6,7,9],[4,6,8,9],[5,6,7,8],[6,7,8,9]]

5400_65=[[1,2,3,4],[1,2,3,5],[1,2,4,5],[1,3,4,6],[1,3,5,6],[1,4,5,7],[1,4,6,7],[1,5,6,7],[2,3,4,8],[2,3,5,9],[2,3,8,9],[2,4,5,6],[2,4,6,9],[2,4,7,8],[2,4,7,9],[2,5,6,8],[2,5,7,8],[2,5,7,9],[2,6,8,9],[3,4,5,6],[3,4,5,7],[3,4,7,8],[3,5,7,9],[3,7,8,9],[4,6,7,9],[5,6,7,8],[6,7,8,9]]

5400_66=[[1,2,3,4],[1,2,3,5],[1,2,4,5],[1,3,4,6],[1,3,5,6],[1,4,5,7],[1,4,6,7],[1,5,6,8],[1,5,7,8],[1,6,7,8],[2,3,4,6],[2,3,5,7],[2,3,6,9],[2,3,7,8],[2,3,8,9],[2,4,5,9],[2,4,6,8],[2,4,8,9],[2,5,7,9],[2,6,7,8],[2,6,7,9],[3,5,6,7],[3,6,7,9],[3,7,8,9],[4,5,6,7],[4,5,6,8],[4,5,8,9],[5,7,8,9]]

5400_67=[[1,2,3,4],[1,2,3,5],[1,2,4,5],[1,3,4,6],[1,3,5,6],[1,4,5,7],[1,4,6,7],[1,5,6,8],[1,5,7,8],[1,6,7,8],[2,3,4,6],[2,3,5,8],[2,3,6,9],[2,3,7,8],[2,3,7,9],[2,4,5,8],[2,4,6,9],[2,4,8,9],[2,7,8,9],[3,5,6,7],[3,5,7,9],[3,5,8,9],[3,6,7,8],[3,6,8,9],[4,5,6,7],[4,5,6,8],[4,6,8,9],[5,7,8,9]]

5400_68=[[1,2,3,4],[1,2,3,5],[1,2,4,5],[1,3,4,6],[1,3,5,6],[1,4,5,7],[1,4,6,7],[1,5,6,8],[1,5,7,8],[1,6,7,8],[2,3,4,6],[2,3,5,9],[2,3,6,7],[2,3,7,8],[2,3,8,9],[2,4,5,8],[2,4,6,9],[2,4,8,9],[2,5,7,8],[2,5,7,9],[2,6,7,9],[3,5,6,7],[3,5,7,9],[3,7,8,9],[4,5,6,7],[4,5,6,8],[4,6,8,9],[6,7,8,9]]

5400_69=[[1,2,3,4],[1,2,3,5],[1,2,4,5],[1,3,4,6],[1,3,5,6],[1,4,5,7],[1,4,6,7],[1,5,6,8],[1,5,7,8],[1,6,7,8],[2,3,4,6],[2,3,5,9],[2,3,6,8],[2,3,7,8],[2,3,7,9],[2,4,5,9],[2,4,6,8],[2,4,8,9],[2,7,8,9],[3,5,6,7],[3,5,7,8],[3,5,8,9],[3,6,7,9],[3,6,8,9],[4,5,6,7],[4,5,6,8],[4,5,8,9],[6,7,8,9]]

5400_70=[[1,2,3,4],[1,2,3,5],[1,2,4,5],[1,3,4,6],[1,3,5,6],[1,4,5,7],[1,4,6,7],[1,5,6,8],[1,5,7,8],[1,6,7,8],[2,3,4,7],[2,3,5,6],[2,3,6,9],[2,3,7,8],[2,3,8,9],[2,4,5,6],[2,4,6,7],[2,6,7,9],[2,7,8,9],[3,4,6,8],[3,4,7,9],[3,4,8,9],[3,6,7,8],[3,6,7,9],[4,5,6,8],[4,5,7,9],[4,5,8,9],[5,7,8,9]]

5400_71=[[1,2,3,4],[1,2,3,5],[1,2,4,5],[1,3,4,6],[1,3,5,6],[1,4,5,7],[1,4,6,7],[1,5,6,8],[1,5,7,8],[1,6,7,8],[2,3,4,7],[2,3,5,7],[2,4,5,8],[2,4,7,8],[2,5,7,9],[2,5,8,9],[2,6,7,8],[2,6,7,9],[2,6,8,9],[3,4,5,7],[3,4,5,8],[3,4,6,9],[3,4,8,9],[3,5,6,8],[3,6,8,9],[4,6,7,9],[4,7,8,9],[5,7,8,9]]

5400_72=[[1,2,3,4],[1,2,3,5],[1,2,4,5],[1,3,4,6],[1,3,5,6],[1,4,5,7],[1,4,6,7],[1,5,6,8],[1,5,7,8],[1,6,7,8],[2,3,4,7],[2,3,5,7],[2,4,5,9],[2,4,6,7],[2,4,6,8],[2,4,8,9],[2,5,6,8],[2,5,6,9],[2,5,7,8],[2,6,7,9],[2,7,8,9],[3,4,5,7],[3,4,5,9],[3,4,6,8],[3,4,8,9],[3,5,6,9],[3,6,8,9],[6,7,8,9]]

5400_73=[[1,2,3,4],[1,2,3,5],[1,2,4,5],[1,3,4,6],[1,3,5,6],[1,4,5,7],[1,4,6,7],[1,5,6,8],[1,5,7,8],[1,6,7,8],[2,3,4,7],[2,3,5,7],[2,4,5,9],[2,4,6,7],[2,4,6,8],[2,4,8,9],[2,5,6,8],[2,5,6,9],[2,5,7,8],[2,6,7,9],[2,7,8,9],[3,4,5,7],[3,4,5,9],[3,4,6,9],[3,5,6,9],[4,6,8,9],[6,7,8,9]]

5400_74=[[1,2,3,4],[1,2,3,5],[1,2,4,5],[1,3,4,6],[1,3,5,6],[1,4,5,7],[1,4,6,7],[1,5,6,8],[1,5,7,8],[1,6,7,8],[2,3,4,7],[2,3,5,7],[2,4,5,9],[2,4,7,8],[2,4,8,9],[2,5,7,9],[2,6,7,8],[2,6,7,9],[2,6,8,9],[3,4,5,7],[3,4,5,9],[3,4,6,9],[3,5,6,8],[3,5,8,9],[3,6,8,9],[4,6,7,9],[4,7,8,9],[5,7,8,9]]

5400_75=[[1,2,3,4],[1,2,3,5],[1,2,4,5],[1,3,4,6],[1,3,5,6],[1,4,5,7],[1,4,6,7],[1,5,6,8],[1,5,7,8],[1,6,7,8],[2,3,4,7],[2,3,5,7],[2,4,5,9],[2,4,7,8],[2,4,8,9],[2,5,7,9],[2,6,7,8],[2,6,7,9],[2,6,8,9],[3,4,5,7],[3,4,5,9],[3,4,6,9],[3,5,6,9],[4,6,7,9],[4,7,8,9],[5,6,8,9],[5,7,8,9]]

5400_76=[[1,2,3,4],[1,2,3,5],[1,2,4,5],[1,3,4,6],[1,3,5,6],[1,4,5,7],[1,4,6,7],[1,5,6,8],[1,5,7,8],[1,6,7,8],[2,3,4,7],[2,3,5,8],[2,3,7,8],[2,4,5,9],[2,4,6,7],[2,4,6,8],[2,4,8,9],[2,5,6,8],[2,5,6,9],[2,6,7,9],[2,7,8,9],[3,4,5,7],[3,4,5,9],[3,4,6,9],[3,5,6,9],[3,5,7,8],[4,6,8,9],[6,7,8,9]]

5400_77=[[1,2,3,4],[1,2,3,5],[1,2,4,5],[1,3,4,6],[1,3,5,6],[1,4,5,7],[1,4,6,7],[1,5,6,8],[1,5,7,8],[1,6,7,8],[2,3,4,7],[2,3,5,8],[2,3,7,9],[2,3,8,9],[2,4,5,6],[2,4,6,7],[2,5,6,8],[2,6,7,8],[2,7,8,9],[3,4,6,9],[3,4,7,8],[3,4,8,9],[3,5,6,9],[3,5,7,8],[3,5,7,9],[4,5,6,9],[4,5,7,9],[4,7,8,9]]

5400_78=[[1,2,3,4],[1,2,3,5],[1,2,4,5],[1,3,4,6],[1,3,5,6],[1,4,5,7],[1,4,6,7],[1,5,6,8],[1,5,7,8],[1,6,7,8],[2,3,4,7],[2,3,5,8],[2,3,7,9],[2,3,8,9],[2,4,5,6],[2,4,6,7],[2,5,6,8],[2,6,7,9],[2,6,8,9],[3,4,5,6],[3,4,5,9],[3,4,7,8],[3,4,8,9],[3,5,7,8],[3,5,7,9],[4,5,7,9],[4,7,8,9],[6,7,8,9]]

5400_79=[[1,2,3,4],[1,2,3,5],[1,2,4,5],[1,3,4,6],[1,3,5,6],[1,4,5,7],[1,4,6,7],[1,5,6,8],[1,5,7,8],[1,6,7,8],[2,3,4,7],[2,3,5,8],[2,3,7,9],[2,3,8,9],[2,4,5,8],[2,4,7,8],[2,6,7,8],[2,6,7,9],[2,6,8,9],[3,4,5,6],[3,4,5,7],[3,5,7,8],[3,7,8,9],[4,5,6,9],[4,5,8,9],[4,6,7,9],[4,7,8,9],[5,6,8,9]]

5400_80=[[1,2,3,4],[1,2,3,5],[1,2,4,5],[1,3,4,6],[1,3,5,6],[1,4,5,7],[1,4,6,7],[1,5,6,8],[1,5,7,8],[1,6,7,8],[2,3,4,7],[2,3,5,8],[2,3,7,9],[2,3,8,9],[2,4,5,8],[2,4,7,8],[2,6,7,8],[2,6,7,9],[2,6,8,9],[3,4,5,6],[3,4,5,7],[3,5,7,9],[3,5,8,9],[4,5,6,8],[4,6,7,9],[4,6,8,9],[4,7,8,9],[5,7,8,9]]

5400_81=[[1,2,3,4],[1,2,3,5],[1,2,4,5],[1,3,4,6],[1,3,5,6],[1,4,5,7],[1,4,6,7],[1,5,6,8],[1,5,7,8],[1,6,7,8],[2,3,4,7],[2,3,5,8],[2,3,7,9],[2,3,8,9],[2,4,5,9],[2,4,6,7],[2,4,6,8],[2,4,8,9],[2,5,6,8],[2,5,6,9],[2,6,7,9],[3,4,5,6],[3,4,5,7],[3,5,7,8],[3,7,8,9],[4,5,6,9],[4,6,8,9],[6,7,8,9]]

5400_82=[[1,2,3,4],[1,2,3,5],[1,2,4,5],[1,3,4,6],[1,3,5,6],[1,4,5,7],[1,4,6,7],[1,5,6,8],[1,5,7,8],[1,6,7,8],[2,3,4,7],[2,3,5,8],[2,3,7,9],[2,3,8,9],[2,4,5,9],[2,4,7,8],[2,4,8,9],[2,5,6,8],[2,5,6,9],[2,6,7,8],[2,6,7,9],[3,4,5,6],[3,4,5,7],[3,5,7,8],[3,7,8,9],[4,5,6,9],[4,6,7,9],[4,7,8,9]]

5400_83=[[1,2,3,4],[1,2,3,5],[1,2,4,5],[1,3,4,6],[1,3,5,6],[1,4,5,7],[1,4,6,7],[1,5,6,8],[1,5,7,8],[1,6,7,8],[2,3,4,7],[2,3,5,9],[2,3,6,7],[2,3,6,8],[2,3,8,9],[2,4,5,9],[2,4,7,9],[2,6,7,8],[2,7,8,9],[3,4,6,8],[3,4,7,8],[3,5,6,9],[3,6,7,9],[3,7,8,9],[4,5,6,8],[4,5,6,9],[4,5,7,8],[4,6,7,9]]

5400_84=[[1,2,3,4],[1,2,3,5],[1,2,4,5],[1,3,4,6],[1,3,5,6],[1,4,5,7],[1,4,6,7],[1,5,6,8],[1,5,7,8],[1,6,7,8],[2,3,4,7],[2,3,5,9],[2,3,6,8],[2,3,6,9],[2,3,7,8],[2,4,5,9],[2,4,6,7],[2,4,6,8],[2,4,8,9],[2,6,7,9],[2,7,8,9],[3,4,5,7],[3,4,5,9],[3,4,6,9],[3,5,6,8],[3,5,7,8],[4,6,8,9],[6,7,8,9]]

5400_85=[[1,2,3,4],[1,2,3,5],[1,2,4,5],[1,3,4,6],[1,3,5,6],[1,4,5,7],[1,4,6,7],[1,5,6,8],[1,5,7,8],[1,6,7,8],[2,3,4,7],[2,3,5,9],[2,3,7,8],[2,3,8,9],[2,4,5,6],[2,4,6,7],[2,5,6,8],[2,5,7,8],[2,5,7,9],[2,6,7,9],[2,6,8,9],[3,4,5,6],[3,4,5,9],[3,4,7,8],[3,4,8,9],[4,5,7,9],[4,7,8,9],[6,7,8,9]]

5400_86=[[1,2,3,4],[1,2,3,5],[1,2,4,5],[1,3,4,6],[1,3,5,6],[1,4,5,7],[1,4,6,7],[1,5,6,8],[1,5,7,8],[1,6,7,8],[2,3,4,7],[2,3,5,9],[2,3,7,8],[2,3,8,9],[2,4,5,6],[2,4,6,7],[2,5,6,8],[2,5,7,8],[2,5,7,9],[2,6,7,9],[2,6,8,9],[3,4,5,6],[3,4,5,9],[3,4,7,9],[3,7,8,9],[4,5,7,9],[6,7,8,9]]

5400_87=[[1,2,3,4],[1,2,3,5],[1,2,4,5],[1,3,4,6],[1,3,5,6],[1,4,5,7],[1,4,6,7],[1,5,6,8],[1,5,7,8],[1,6,7,8],[2,3,4,7],[2,3,5,9],[2,3,7,8],[2,3,8,9],[2,4,5,6],[2,4,6,8],[2,4,7,9],[2,4,8,9],[2,5,6,9],[2,6,7,8],[2,6,7,9],[3,4,5,6],[3,4,5,7],[3,5,7,8],[3,5,8,9],[4,6,7,9],[4,6,8,9],[5,6,8,9]]

5400_88=[[1,2,3,4],[1,2,3,5],[1,2,4,5],[1,3,4,6],[1,3,5,6],[1,4,5,7],[1,4,6,7],[1,5,6,8],[1,5,7,8],[1,6,7,8],[2,3,4,7],[2,3,5,9],[2,3,7,8],[2,3,8,9],[2,4,5,8],[2,4,6,7],[2,4,6,8],[2,5,7,8],[2,5,7,9],[2,6,7,9],[2,6,8,9],[3,4,5,6],[3,4,5,9],[3,4,7,9],[3,7,8,9],[4,5,6,8],[4,5,7,9],[6,7,8,9]]

5400_89=[[1,2,3,4],[1,2,3,5],[1,2,4,5],[1,3,4,6],[1,3,5,6],[1,4,5,7],[1,4,6,7],[1,5,6,8],[1,5,7,8],[1,6,7,8],[2,3,4,7],[2,3,5,9],[2,3,7,8],[2,3,8,9],[2,4,5,8],[2,4,6,7],[2,4,6,9],[2,4,8,9],[2,5,7,8],[2,5,7,9],[2,6,7,9],[3,4,5,6],[3,4,5,7],[3,5,7,9],[3,7,8,9],[4,5,6,8],[4,6,8,9],[6,7,8,9]]

5400_90=[[1,2,3,4],[1,2,3,5],[1,2,4,5],[1,3,4,6],[1,3,5,6],[1,4,5,7],[1,4,6,7],[1,5,6,8],[1,5,7,8],[1,6,7,8],[2,3,4,7],[2,3,5,9],[2,3,7,8],[2,3,8,9],[2,4,5,8],[2,4,6,8],[2,4,6,9],[2,4,7,9],[2,5,7,8],[2,5,7,9],[2,6,8,9],[3,4,5,6],[3,4,5,7],[3,5,7,9],[3,7,8,9],[4,5,6,8],[4,6,7,9],[6,7,8,9]]

5400_91=[[1,2,3,4],[1,2,3,5],[1,2,4,5],[1,3,4,6],[1,3,5,6],[1,4,5,7],[1,4,6,7],[1,5,6,8],[1,5,7,8],[1,6,7,8],[2,3,4,7],[2,3,5,9],[2,3,7,8],[2,3,8,9],[2,4,5,8],[2,4,7,9],[2,4,8,9],[2,5,7,8],[2,5,7,9],[3,4,5,6],[3,4,5,7],[3,5,7,9],[3,7,8,9],[4,5,6,8],[4,6,7,9],[4,6,8,9],[6,7,8,9]]

5400_92=[[1,2,3,4],[1,2,3,5],[1,2,4,5],[1,3,4,6],[1,3,5,6],[1,4,5,7],[1,4,6,7],[1,5,6,8],[1,5,7,8],[1,6,7,8],[2,3,4,7],[2,3,5,9],[2,3,7,9],[2,4,5,6],[2,4,6,8],[2,4,7,8],[2,5,6,9],[2,6,7,8],[2,6,7,9],[3,4,5,6],[3,4,5,7],[3,5,7,8],[3,5,8,9],[3,7,8,9],[4,6,7,9],[4,6,8,9],[4,7,8,9],[5,6,8,9]]

5400_93=[[1,2,3,4],[1,2,3,5],[1,2,4,5],[1,3,4,6],[1,3,5,6],[1,4,5,7],[1,4,6,7],[1,5,6,8],[1,5,7,8],[1,6,7,8],[2,3,4,7],[2,3,5,9],[2,3,7,9],[2,4,5,8],[2,4,7,8],[2,5,8,9],[2,6,7,8],[2,6,7,9],[2,6,8,9],[3,4,5,6],[3,4,5,7],[3,5,7,8],[3,5,8,9],[3,7,8,9],[4,5,6,8],[4,6,7,9],[4,6,8,9],[4,7,8,9]]

5400_94=[[1,2,3,4],[1,2,3,5],[1,2,4,5],[1,3,4,6],[1,3,5,6],[1,4,5,7],[1,4,6,7],[1,5,6,8],[1,5,7,8],[1,6,7,8],[2,3,4,7],[2,3,5,9],[2,3,7,9],[2,4,5,8],[2,4,7,8],[2,5,8,9],[2,6,7,8],[2,6,7,9],[2,6,8,9],[3,4,5,7],[3,4,5,8],[3,4,6,8],[3,5,6,8],[3,5,7,9],[4,6,7,9],[4,6,8,9],[4,7,8,9],[5,7,8,9]]

5400_95=[[1,2,3,4],[1,2,3,5],[1,2,4,5],[1,3,4,6],[1,3,5,6],[1,4,5,7],[1,4,6,7],[1,5,6,8],[1,5,7,8],[1,6,7,8],[2,3,4,7],[2,3,5,9],[2,3,7,9],[2,4,5,9],[2,4,7,8],[2,4,8,9],[2,6,7,8],[2,6,7,9],[2,6,8,9],[3,4,5,6],[3,4,5,7],[3,5,7,8],[3,5,8,9],[3,7,8,9],[4,5,6,9],[4,6,7,9],[4,7,8,9],[5,6,8,9]]

5400_96=[[1,2,3,4],[1,2,3,5],[1,2,4,5],[1,3,4,6],[1,3,5,6],[1,4,5,7],[1,4,6,7],[1,5,6,8],[1,5,7,8],[1,6,7,8],[2,3,4,7],[2,3,5,9],[2,3,7,9],[2,4,5,9],[2,4,7,8],[2,4,8,9],[2,6,7,8],[2,6,7,9],[2,6,8,9],[3,4,5,7],[3,4,5,9],[3,4,6,9],[3,5,6,8],[3,5,7,8],[3,6,8,9],[3,7,8,9],[4,6,7,9],[4,7,8,9]]

5400_97=[[1,2,3,4],[1,2,3,5],[1,2,4,5],[1,3,4,6],[1,3,5,6],[1,4,5,7],[1,4,6,7],[1,5,6,8],[1,5,7,8],[1,6,7,8],[2,3,4,8],[2,3,5,6],[2,3,6,9],[2,3,7,8],[2,3,7,9],[2,4,5,6],[2,4,6,7],[2,4,7,9],[2,4,8,9],[2,6,7,8],[2,6,8,9],[3,4,6,8],[3,6,8,9],[3,7,8,9],[4,5,6,8],[4,5,7,9],[4,5,8,9],[5,7,8,9]]

5400_98=[[1,2,3,4],[1,2,3,5],[1,2,4,5],[1,3,4,6],[1,3,5,6],[1,4,5,7],[1,4,6,7],[1,5,6,8],[1,5,7,8],[1,6,7,8],[2,3,4,8],[2,3,5,6],[2,3,6,9],[2,3,7,8],[2,3,7,9],[2,4,5,6],[2,4,6,7],[2,4,7,9],[2,4,8,9],[2,6,7,8],[2,6,8,9],[3,4,6,9],[3,4,8,9],[3,7,8,9],[4,5,6,9],[4,5,7,9],[5,6,8,9],[5,7,8,9]]

5400_99=[[1,2,3,4],[1,2,3,5],[1,2,4,5],[1,3,4,6],[1,3,5,6],[1,4,5,7],[1,4,6,7],[1,5,6,8],[1,5,7,8],[1,6,7,8],[2,3,4,8],[2,3,5,6],[2,3,6,9],[2,3,7,8],[2,3,7,9],[2,4,5,7],[2,4,7,9],[2,4,8,9],[2,5,6,7],[2,6,7,8],[2,6,8,9],[3,4,6,9],[3,4,8,9],[3,7,8,9],[4,6,7,9],[5,6,7,9],[5,6,8,9],[5,7,8,9]]

5400_100=[[1,2,3,4],[1,2,3,5],[1,2,4,5],[1,3,4,6],[1,3,5,6],[1,4,5,7],[1,4,6,7],[1,5,6,8],[1,5,7,8],[1,6,7,8],[2,3,4,8],[2,3,5,6],[2,3,6,9],[2,3,7,8],[2,3,7,9],[2,4,5,9],[2,4,6,8],[2,4,6,9],[2,5,6,7],[2,5,7,9],[2,6,7,8],[3,4,6,9],[3,4,8,9],[3,7,8,9],[4,5,6,7],[4,5,6,8],[4,5,8,9],[5,7,8,9]]

5400_101=[[1,2,3,4],[1,2,3,5],[1,2,4,5],[1,3,4,6],[1,3,5,6],[1,4,5,7],[1,4,6,7],[1,5,6,8],[1,5,7,8],[1,6,7,8],[2,3,4,8],[2,3,5,6],[2,3,6,9],[2,3,7,8],[2,3,7,9],[2,4,5,9],[2,4,8,9],[2,5,6,7],[2,5,7,9],[2,6,7,8],[2,6,8,9],[3,4,6,8],[3,6,8,9],[3,7,8,9],[4,5,6,7],[4,5,6,8],[4,5,8,9],[5,7,8,9]]

5400_102=[[1,2,3,4],[1,2,3,5],[1,2,4,5],[1,3,4,6],[1,3,5,6],[1,4,5,7],[1,4,6,7],[1,5,6,8],[1,5,7,8],[1,6,7,8],[2,3,4,8],[2,3,5,6],[2,3,6,9],[2,3,7,8],[2,3,7,9],[2,4,5,9],[2,4,8,9],[2,5,6,7],[2,5,7,9],[2,6,7,8],[2,6,8,9],[3,4,6,9],[3,4,8,9],[3,7,8,9],[4,5,6,7],[4,5,6,9],[5,6,8,9],[5,7,8,9]]

5400_103=[[1,2,3,4],[1,2,3,5],[1,2,4,5],[1,3,4,6],[1,3,5,6],[1,4,5,7],[1,4,6,7],[1,5,6,8],[1,5,7,8],[1,6,7,8],[2,3,4,8],[2,3,5,6],[2,3,6,9],[2,3,8,9],[2,4,5,9],[2,4,6,8],[2,4,6,9],[2,5,6,7],[2,5,7,9],[2,6,7,8],[2,7,8,9],[3,4,6,9],[3,4,8,9],[4,5,6,7],[4,5,6,8],[4,5,8,9],[5,7,8,9]]

5400_104=[[1,2,3,4],[1,2,3,5],[1,2,4,5],[1,3,4,6],[1,3,5,6],[1,4,5,7],[1,4,6,7],[1,5,6,8],[1,5,7,8],[1,6,7,8],[2,3,4,8],[2,3,5,7],[2,3,6,7],[2,3,6,8],[2,4,5,9],[2,4,8,9],[2,5,6,8],[2,5,6,9],[2,5,7,8],[2,6,7,9],[2,7,8,9],[3,4,5,7],[3,4,5,9],[3,4,6,7],[3,4,8,9],[3,5,6,9],[3,6,8,9],[6,7,8,9]]

5400_105=[[1,2,3,4],[1,2,3,5],[1,2,4,5],[1,3,4,6],[1,3,5,6],[1,4,5,7],[1,4,6,7],[1,5,6,8],[1,5,7,8],[1,6,7,8],[2,3,4,8],[2,3,5,7],[2,3,6,7],[2,3,6,9],[2,3,8,9],[2,4,5,9],[2,4,6,8],[2,4,6,9],[2,5,7,9],[2,6,7,8],[2,7,8,9],[3,4,6,9],[3,4,8,9],[3,5,6,7],[4,5,6,7],[4,5,6,8],[4,5,8,9],[5,7,8,9]]

5400_106=[[1,2,3,4],[1,2,3,5],[1,2,4,5],[1,3,4,6],[1,3,5,6],[1,4,5,7],[1,4,6,7],[1,5,6,8],[1,5,7,8],[1,6,7,8],[2,3,4,8],[2,3,5,7],[2,3,7,8],[2,4,5,6],[2,4,6,9],[2,4,8,9],[2,5,6,7],[2,6,7,8],[2,6,8,9],[3,4,5,6],[3,4,5,7],[3,4,7,9],[3,4,8,9],[3,7,8,9],[4,6,7,9],[5,6,7,9],[5,6,8,9],[5,7,8,9]]

5400_107=[[1,2,3,4],[1,2,3,5],[1,2,4,5],[1,3,4,6],[1,3,5,6],[1,4,5,7],[1,4,6,7],[1,5,6,8],[1,5,7,8],[1,6,7,8],[2,3,4,8],[2,3,5,7],[2,3,7,8],[2,4,5,6],[2,4,6,9],[2,4,8,9],[2,5,6,8],[2,5,7,9],[2,5,8,9],[2,6,7,8],[2,6,7,9],[3,4,5,6],[3,4,5,7],[3,4,7,9],[3,4,8,9],[3,7,8,9],[4,6,7,9],[5,7,8,9]]

5400_108=[[1,2,3,4],[1,2,3,5],[1,2,4,5],[1,3,4,6],[1,3,5,6],[1,4,5,7],[1,4,6,7],[1,5,6,8],[1,5,7,8],[1,6,7,8],[2,3,4,8],[2,3,5,7],[2,3,7,8],[2,4,5,6],[2,4,6,9],[2,4,8,9],[2,5,6,8],[2,5,7,9],[2,5,8,9],[2,6,7,8],[2,6,7,9],[3,4,6,9],[3,4,8,9],[3,5,6,7],[3,6,7,9],[3,7,8,9],[4,5,6,7],[5,7,8,9]]

5400_109=[[1,2,3,4],[1,2,3,5],[1,2,4,5],[1,3,4,6],[1,3,5,6],[1,4,5,7],[1,4,6,7],[1,5,6,8],[1,5,7,8],[1,6,7,8],[2,3,4,8],[2,3,5,7],[2,3,7,8],[2,4,5,8],[2,5,7,9],[2,5,8,9],[2,6,7,8],[2,6,7,9],[2,6,8,9],[3,4,5,6],[3,4,5,7],[3,4,7,9],[3,4,8,9],[3,7,8,9],[4,5,6,8],[4,6,7,9],[4,6,8,9],[5,7,8,9]]

5400_110=[[1,2,3,4],[1,2,3,5],[1,2,4,5],[1,3,4,6],[1,3,5,6],[1,4,5,7],[1,4,6,7],[1,5,6,8],[1,5,7,8],[1,6,7,8],[2,3,4,8],[2,3,5,7],[2,3,7,8],[2,4,5,8],[2,5,7,9],[2,5,8,9],[2,6,7,8],[2,6,7,9],[2,6,8,9],[3,4,5,7],[3,4,5,8],[3,4,6,9],[3,4,7,9],[3,5,6,8],[3,6,8,9],[3,7,8,9],[4,6,7,9],[5,7,8,9]]

5400_111=[[1,2,3,4],[1,2,3,5],[1,2,4,5],[1,3,4,6],[1,3,5,6],[1,4,5,7],[1,4,6,7],[1,5,6,8],[1,5,7,8],[1,6,7,8],[2,3,4,8],[2,3,5,7],[2,3,7,8],[2,4,5,9],[2,4,6,8],[2,4,6,9],[2,5,7,8],[2,5,8,9],[2,6,8,9],[3,4,6,9],[3,4,8,9],[3,5,6,7],[3,6,7,9],[3,7,8,9],[4,5,6,7],[4,5,6,8],[4,5,8,9],[6,7,8,9]]

5400_112=[[1,2,3,4],[1,2,3,5],[1,2,4,5],[1,3,4,6],[1,3,5,6],[1,4,5,7],[1,4,6,7],[1,5,6,8],[1,5,7,8],[1,6,7,8],[2,3,4,8],[2,3,5,7],[2,3,7,8],[2,4,5,9],[2,4,6,8],[2,4,6,9],[2,5,7,9],[2,6,7,8],[2,6,7,9],[3,4,6,9],[3,4,8,9],[3,5,6,7],[3,6,7,9],[3,7,8,9],[4,5,6,7],[4,5,6,8],[4,5,8,9],[5,7,8,9]]

5400_113=[[1,2,3,4],[1,2,3,5],[1,2,4,5],[1,3,4,6],[1,3,5,6],[1,4,5,7],[1,4,6,7],[1,5,6,8],[1,5,7,8],[1,6,7,8],[2,3,4,8],[2,3,5,7],[2,3,7,8],[2,4,5,9],[2,4,8,9],[2,5,7,9],[2,6,7,8],[2,6,7,9],[2,6,8,9],[3,4,5,6],[3,4,5,7],[3,4,7,8],[4,5,6,9],[4,6,7,9],[4,7,8,9],[5,6,8,9],[5,7,8,9]]

5400_114=[[1,2,3,4],[1,2,3,5],[1,2,4,5],[1,3,4,6],[1,3,5,6],[1,4,5,7],[1,4,6,7],[1,5,6,8],[1,5,7,8],[1,6,7,8],[2,3,4,8],[2,3,5,7],[2,3,7,8],[2,4,5,9],[2,4,8,9],[2,5,7,9],[2,6,7,8],[2,6,7,9],[2,6,8,9],[3,4,5,6],[3,4,5,7],[3,4,7,9],[3,4,8,9],[3,7,8,9],[4,5,6,9],[4,6,7,9],[5,6,8,9],[5,7,8,9]]

5400_115=[[1,2,3,4],[1,2,3,5],[1,2,4,5],[1,3,4,6],[1,3,5,6],[1,4,5,7],[1,4,6,7],[1,5,6,8],[1,5,7,8],[1,6,7,8],[2,3,4,8],[2,3,5,7],[2,3,7,8],[2,4,5,9],[2,4,8,9],[2,5,7,9],[2,6,7,8],[2,6,7,9],[2,6,8,9],[3,4,5,7],[3,4,5,8],[3,4,6,7],[3,5,6,8],[3,6,7,9],[3,6,8,9],[3,7,8,9],[4,5,8,9],[5,7,8,9]]

5400_116=[[1,2,3,4],[1,2,3,5],[1,2,4,5],[1,3,4,6],[1,3,5,6],[1,4,5,7],[1,4,6,7],[1,5,6,8],[1,5,7,8],[1,6,7,8],[2,3,4,8],[2,3,5,7],[2,3,7,8],[2,4,5,9],[2,4,8,9],[2,5,7,9],[2,6,7,8],[2,6,7,9],[2,6,8,9],[3,4,5,7],[3,4,5,9],[3,4,6,7],[3,4,8,9],[3,5,6,9],[3,6,7,9],[3,7,8,9],[5,6,8,9],[5,7,8,9]]

5400_117=[[1,2,3,4],[1,2,3,5],[1,2,4,5],[1,3,4,6],[1,3,5,6],[1,4,5,7],[1,4,6,7],[1,5,6,8],[1,5,7,8],[1,6,7,8],[2,3,4,8],[2,3,5,7],[2,3,7,8],[2,4,5,9],[2,4,8,9],[2,5,7,9],[2,6,7,8],[2,6,7,9],[2,6,8,9],[3,4,5,7],[3,4,5,9],[3,4,6,9],[3,4,7,8],[3,5,6,9],[4,6,7,9],[4,7,8,9],[5,6,8,9],[5,7,8,9]]

5400_118=[[1,2,3,4],[1,2,3,5],[1,2,4,5],[1,3,4,6],[1,3,5,6],[1,4,5,7],[1,4,6,7],[1,5,6,8],[1,5,7,8],[1,6,7,8],[2,3,4,8],[2,3,5,7],[2,3,7,8],[2,4,5,9],[2,4,8,9],[2,5,7,9],[2,6,7,8],[2,6,7,9],[2,6,8,9],[3,4,6,9],[3,4,8,9],[3,5,6,7],[3,6,7,9],[3,7,8,9],[4,5,6,7],[4,5,6,9],[5,6,8,9],[5,7,8,9]]

5400_119=[[1,2,3,4],[1,2,3,5],[1,2,4,5],[1,3,4,6],[1,3,5,6],[1,4,5,7],[1,4,6,7],[1,5,6,8],[1,5,7,8],[1,6,7,8],[2,3,4,8],[2,3,5,7],[2,3,7,9],[2,3,8,9],[2,4,5,6],[2,4,6,8],[2,5,6,7],[2,6,7,8],[2,7,8,9],[3,4,5,6],[3,4,5,7],[3,4,7,9],[3,4,8,9],[4,6,7,9],[4,6,8,9],[5,6,7,9],[5,6,8,9],[5,7,8,9]]

5400_120=[[1,2,3,4],[1,2,3,5],[1,2,4,5],[1,3,4,6],[1,3,5,6],[1,4,5,7],[1,4,6,7],[1,5,6,8],[1,5,7,8],[1,6,7,8],[2,3,4,8],[2,3,5,7],[2,3,7,9],[2,3,8,9],[2,4,5,6],[2,4,6,8],[2,5,6,9],[2,5,7,8],[2,5,8,9],[2,6,7,8],[2,6,7,9],[3,4,5,6],[3,4,5,7],[3,4,7,9],[3,4,8,9],[4,6,7,9],[4,6,8,9],[5,6,8,9]]

5400_121=[[1,2,3,4],[1,2,3,5],[1,2,4,5],[1,3,4,6],[1,3,5,6],[1,4,5,7],[1,4,6,7],[1,5,6,8],[1,5,7,8],[1,6,7,8],[2,3,4,8],[2,3,5,7],[2,3,7,9],[2,3,8,9],[2,4,5,6],[2,4,6,9],[2,4,7,8],[2,4,7,9],[2,5,6,9],[2,5,7,8],[2,5,8,9],[3,4,5,6],[3,4,5,7],[3,4,7,8],[3,7,8,9],[4,6,7,9],[5,6,8,9],[6,7,8,9]]

5400_122=[[1,2,3,4],[1,2,3,5],[1,2,4,5],[1,3,4,6],[1,3,5,6],[1,4,5,7],[1,4,6,7],[1,5,6,8],[1,5,7,8],[1,6,7,8],[2,3,4,8],[2,3,5,7],[2,3,7,9],[2,3,8,9],[2,4,5,9],[2,4,6,8],[2,4,6,9],[2,5,7,9],[2,6,8,9],[3,4,6,9],[3,4,8,9],[3,5,6,7],[3,6,7,9],[4,5,6,7],[4,5,6,8],[4,5,8,9],[5,7,8,9],[6,7,8,9]]

5400_123=[[1,2,3,4],[1,2,3,5],[1,2,4,5],[1,3,4,6],[1,3,5,6],[1,4,5,7],[1,4,6,7],[1,5,6,8],[1,5,7,8],[1,6,7,8],[2,3,4,8],[2,3,5,7],[2,3,7,9],[2,3,8,9],[2,4,5,9],[2,4,7,8],[2,4,7,9],[2,5,7,8],[2,5,8,9],[3,4,5,6],[3,4,5,7],[3,4,7,8],[3,7,8,9],[4,5,6,9],[4,6,7,9],[5,6,8,9],[6,7,8,9]]

5400_124=[[1,2,3,4],[1,2,3,5],[1,2,4,5],[1,3,4,6],[1,3,5,6],[1,4,5,7],[1,4,6,7],[1,5,6,8],[1,5,7,8],[1,6,7,8],[2,3,4,8],[2,3,5,8],[2,4,5,9],[2,4,6,8],[2,4,6,9],[2,5,8,9],[2,6,8,9],[3,4,6,9],[3,4,8,9],[3,5,6,7],[3,5,7,8],[3,6,7,9],[3,7,8,9],[4,5,6,7],[4,5,6,8],[4,5,8,9],[6,7,8,9]]

5400_125=[[1,2,3,4],[1,2,3,5],[1,2,4,5],[1,3,4,6],[1,3,5,6],[1,4,5,7],[1,4,6,7],[1,5,6,8],[1,5,7,8],[1,6,7,8],[2,3,4,8],[2,3,5,9],[2,3,6,7],[2,3,6,8],[2,3,7,9],[2,4,5,9],[2,4,6,7],[2,4,6,9],[2,4,7,8],[2,6,8,9],[2,7,8,9],[3,4,5,8],[3,4,5,9],[3,4,6,9],[3,5,6,8],[3,6,7,9],[4,5,7,8],[6,7,8,9]]

5400_126=[[1,2,3,4],[1,2,3,5],[1,2,4,5],[1,3,4,6],[1,3,5,6],[1,4,5,7],[1,4,6,7],[1,5,6,8],[1,5,7,8],[1,6,7,8],[2,3,4,8],[2,3,5,9],[2,3,6,7],[2,3,6,9],[2,3,7,8],[2,4,5,8],[2,5,8,9],[2,6,7,8],[2,6,8,9],[3,4,6,9],[3,4,8,9],[3,5,6,7],[3,5,7,9],[3,7,8,9],[4,5,6,7],[4,5,6,8],[4,6,8,9],[5,7,8,9]]

5400_127=[[1,2,3,4],[1,2,3,5],[1,2,4,5],[1,3,4,6],[1,3,5,6],[1,4,5,7],[1,4,6,7],[1,5,6,8],[1,5,7,8],[1,6,7,8],[2,3,4,8],[2,3,5,9],[2,3,6,7],[2,3,6,9],[2,3,7,8],[2,4,5,8],[2,5,8,9],[2,6,7,9],[2,7,8,9],[3,4,6,9],[3,4,8,9],[3,5,6,7],[3,5,7,8],[3,5,8,9],[4,5,6,7],[4,5,6,8],[4,6,8,9],[6,7,8,9]]

5400_128=[[1,2,3,4],[1,2,3,5],[1,2,4,5],[1,3,4,6],[1,3,5,6],[1,4,5,7],[1,4,6,7],[1,5,6,8],[1,5,7,8],[1,6,7,8],[2,3,4,8],[2,3,5,9],[2,3,6,7],[2,3,6,9],[2,3,7,8],[2,4,5,9],[2,4,8,9],[2,6,7,8],[2,6,8,9],[3,4,6,8],[3,5,6,7],[3,5,7,9],[3,6,8,9],[3,7,8,9],[4,5,6,7],[4,5,6,8],[4,5,8,9],[5,7,8,9]]

5400_129=[[1,2,3,4],[1,2,3,5],[1,2,4,5],[1,3,4,6],[1,3,5,6],[1,4,5,7],[1,4,6,7],[1,5,6,8],[1,5,7,8],[1,6,7,8],[2,3,4,8],[2,3,5,9],[2,3,6,7],[2,3,6,9],[2,3,7,8],[2,4,5,9],[2,4,8,9],[2,6,7,8],[2,6,8,9],[3,4,6,9],[3,4,8,9],[3,5,6,7],[3,5,7,9],[3,7,8,9],[4,5,6,7],[4,5,6,9],[5,6,8,9],[5,7,8,9]]

5400_130=[[1,2,3,4],[1,2,3,5],[1,2,4,5],[1,3,4,6],[1,3,5,6],[1,4,5,7],[1,4,6,7],[1,5,6,8],[1,5,7,8],[1,6,7,8],[2,3,4,8],[2,3,5,9],[2,3,6,7],[2,3,6,9],[2,3,7,8],[2,4,5,9],[2,4,8,9],[2,6,7,9],[2,7,8,9],[3,4,6,8],[3,5,6,7],[3,5,7,8],[3,5,8,9],[3,6,8,9],[4,5,6,7],[4,5,6,8],[4,5,8,9],[6,7,8,9]]

5400_131=[[1,2,3,4],[1,2,3,5],[1,2,4,5],[1,3,4,6],[1,3,5,6],[1,4,5,7],[1,4,6,7],[1,5,6,8],[1,5,7,8],[1,6,7,8],[2,3,4,8],[2,3,5,9],[2,3,6,7],[2,3,6,9],[2,3,7,8],[2,4,5,9],[2,4,8,9],[2,6,7,9],[2,7,8,9],[3,4,6,9],[3,4,8,9],[3,5,6,7],[3,5,7,8],[3,5,8,9],[4,5,6,7],[4,5,6,9],[5,6,8,9],[6,7,8,9]]

5400_132=[[1,2,3,4],[1,2,3,5],[1,2,4,5],[1,3,4,6],[1,3,5,6],[1,4,5,7],[1,4,6,7],[1,5,6,8],[1,5,7,8],[1,6,7,8],[2,3,4,8],[2,3,5,9],[2,3,7,8],[2,3,7,9],[2,4,5,6],[2,4,6,7],[2,4,7,8],[2,5,6,9],[2,6,7,9],[3,4,5,6],[3,4,5,7],[3,4,7,9],[3,4,8,9],[3,5,7,8],[3,5,8,9],[4,7,8,9],[5,6,8,9],[6,7,8,9]]

5400_133=[[1,2,3,4],[1,2,3,5],[1,2,4,5],[1,3,4,6],[1,3,5,6],[1,4,5,7],[1,4,6,7],[1,5,6,8],[1,5,7,8],[1,6,7,8],[2,3,4,8],[2,3,5,9],[2,3,7,8],[2,3,7,9],[2,4,5,6],[2,4,6,7],[2,4,7,9],[2,4,8,9],[2,5,6,8],[2,5,8,9],[2,6,7,8],[3,4,5,6],[3,4,5,9],[3,4,8,9],[3,7,8,9],[4,5,7,9],[5,7,8,9]]

5400_134=[[1,2,3,4],[1,2,3,5],[1,2,4,5],[1,3,4,6],[1,3,5,6],[1,4,5,7],[1,4,6,7],[1,5,6,8],[1,5,7,8],[1,6,7,8],[2,3,4,8],[2,3,5,9],[2,3,7,8],[2,3,7,9],[2,4,5,6],[2,4,6,7],[2,4,7,9],[2,4,8,9],[2,5,6,8],[2,5,8,9],[2,6,7,8],[3,4,6,9],[3,4,8,9],[3,5,6,9],[3,7,8,9],[4,5,6,9],[4,5,7,9],[5,7,8,9]]

5400_135=[[1,2,3,4],[1,2,3,5],[1,2,4,5],[1,3,4,6],[1,3,5,6],[1,4,5,7],[1,4,6,7],[1,5,6,8],[1,5,7,8],[1,6,7,8],[2,3,4,8],[2,3,5,9],[2,3,7,8],[2,3,7,9],[2,4,5,6],[2,4,6,7],[2,4,7,9],[2,4,8,9],[2,5,6,9],[2,6,7,8],[2,6,8,9],[3,4,5,6],[3,4,5,9],[3,4,8,9],[3,7,8,9],[4,5,7,9],[5,6,8,9],[5,7,8,9]]

5400_136=[[1,2,3,4],[1,2,3,5],[1,2,4,5],[1,3,4,6],[1,3,5,6],[1,4,5,7],[1,4,6,7],[1,5,6,8],[1,5,7,8],[1,6,7,8],[2,3,4,8],[2,3,5,9],[2,3,7,8],[2,3,7,9],[2,4,5,6],[2,4,6,8],[2,5,6,8],[2,5,8,9],[2,7,8,9],[3,4,5,6],[3,4,5,7],[3,4,7,9],[3,4,8,9],[3,5,7,8],[3,5,8,9],[4,6,7,9],[4,6,8,9],[6,7,8,9]]

5400_137=[[1,2,3,4],[1,2,3,5],[1,2,4,5],[1,3,4,6],[1,3,5,6],[1,4,5,7],[1,4,6,7],[1,5,6,8],[1,5,7,8],[1,6,7,8],[2,3,4,8],[2,3,5,9],[2,3,7,8],[2,3,7,9],[2,4,5,6],[2,4,6,8],[2,5,6,8],[2,5,8,9],[2,7,8,9],[3,4,6,9],[3,4,8,9],[3,5,6,7],[3,5,7,8],[3,5,8,9],[3,6,7,9],[4,5,6,7],[4,6,8,9],[6,7,8,9]]

5400_138=[[1,2,3,4],[1,2,3,5],[1,2,4,5],[1,3,4,6],[1,3,5,6],[1,4,5,7],[1,4,6,7],[1,5,6,8],[1,5,7,8],[1,6,7,8],[2,3,4,8],[2,3,5,9],[2,3,7,8],[2,3,7,9],[2,4,5,6],[2,4,6,8],[2,5,6,9],[2,6,7,8],[2,6,7,9],[3,4,5,6],[3,4,5,9],[3,4,8,9],[3,7,8,9],[4,5,7,9],[4,6,7,9],[4,6,8,9],[5,6,8,9],[5,7,8,9]]

5400_139=[[1,2,3,4],[1,2,3,5],[1,2,4,5],[1,3,4,6],[1,3,5,6],[1,4,5,7],[1,4,6,7],[1,5,6,8],[1,5,7,8],[1,6,7,8],[2,3,4,8],[2,3,5,9],[2,3,7,8],[2,3,7,9],[2,4,5,6],[2,4,6,9],[2,4,8,9],[2,5,6,8],[2,5,8,9],[2,6,7,8],[2,6,7,9],[3,4,5,6],[3,4,5,9],[3,4,8,9],[3,7,8,9],[4,5,7,9],[4,6,7,9],[5,7,8,9]]

5400_140=[[1,2,3,4],[1,2,3,5],[1,2,4,5],[1,3,4,6],[1,3,5,6],[1,4,5,7],[1,4,6,7],[1,5,6,8],[1,5,7,8],[1,6,7,8],[2,3,4,8],[2,3,5,9],[2,3,7,8],[2,3,7,9],[2,4,5,6],[2,4,6,9],[2,4,8,9],[2,5,6,8],[2,5,8,9],[2,6,7,8],[2,6,7,9],[3,4,6,9],[3,4,8,9],[3,5,6,9],[3,7,8,9],[4,5,6,7],[5,6,7,9],[5,7,8,9]]

5400_141=[[1,2,3,4],[1,2,3,5],[1,2,4,5],[1,3,4,6],[1,3,5,6],[1,4,5,7],[1,4,6,7],[1,5,6,8],[1,5,7,8],[1,6,7,8],[2,3,4,8],[2,3,5,9],[2,3,7,8],[2,3,7,9],[2,4,5,6],[2,4,6,9],[2,4,8,9],[2,5,6,9],[2,7,8,9],[3,4,5,6],[3,4,5,7],[3,4,7,9],[3,4,8,9],[3,5,7,8],[3,5,8,9],[4,6,7,9],[5,6,8,9],[6,7,8,9]]

5400_142=[[1,2,3,4],[1,2,3,5],[1,2,4,5],[1,3,4,6],[1,3,5,6],[1,4,5,7],[1,4,6,7],[1,5,6,8],[1,5,7,8],[1,6,7,8],[2,3,4,8],[2,3,5,9],[2,3,7,8],[2,3,7,9],[2,4,5,6],[2,4,6,9],[2,4,8,9],[2,5,6,9],[2,7,8,9],[3,4,6,9],[3,4,8,9],[3,5,6,7],[3,5,7,8],[3,5,8,9],[3,6,7,9],[4,5,6,7],[5,6,8,9],[6,7,8,9]]

5400_143=[[1,2,3,4],[1,2,3,5],[1,2,4,5],[1,3,4,6],[1,3,5,6],[1,4,5,7],[1,4,6,7],[1,5,6,8],[1,5,7,8],[1,6,7,8],[2,3,4,8],[2,3,5,9],[2,3,7,8],[2,3,7,9],[2,4,5,7],[2,4,7,9],[2,4,8,9],[2,5,6,7],[2,5,6,8],[2,5,8,9],[2,6,7,8],[3,4,6,9],[3,4,8,9],[3,5,6,9],[3,7,8,9],[4,6,7,9],[5,6,7,9],[5,7,8,9]]

5400_144=[[1,2,3,4],[1,2,3,5],[1,2,4,5],[1,3,4,6],[1,3,5,6],[1,4,5,7],[1,4,6,7],[1,5,6,8],[1,5,7,8],[1,6,7,8],[2,3,4,8],[2,3,5,9],[2,3,7,8],[2,3,7,9],[2,4,5,8],[2,5,8,9],[2,7,8,9],[3,4,5,6],[3,4,5,7],[3,4,7,9],[3,4,8,9],[3,5,7,8],[3,5,8,9],[4,5,6,8],[4,6,7,9],[4,6,8,9],[6,7,8,9]]

5400_145=[[1,2,3,4],[1,2,3,5],[1,2,4,5],[1,3,4,6],[1,3,5,6],[1,4,5,7],[1,4,6,7],[1,5,6,8],[1,5,7,8],[1,6,7,8],[2,3,4,8],[2,3,5,9],[2,3,7,8],[2,3,7,9],[2,4,5,8],[2,5,8,9],[2,7,8,9],[3,4,6,9],[3,4,8,9],[3,5,6,7],[3,5,7,8],[3,5,8,9],[3,6,7,9],[4,5,6,7],[4,5,6,8],[4,6,8,9],[6,7,8,9]]

5400_146=[[1,2,3,4],[1,2,3,5],[1,2,4,5],[1,3,4,6],[1,3,5,6],[1,4,5,7],[1,4,6,7],[1,5,6,8],[1,5,7,8],[1,6,7,8],[2,3,4,8],[2,3,5,9],[2,3,7,8],[2,3,7,9],[2,4,5,9],[2,4,8,9],[2,7,8,9],[3,4,5,6],[3,4,5,7],[3,4,7,9],[3,4,8,9],[3,5,7,8],[3,5,8,9],[4,5,6,9],[4,6,7,9],[5,6,8,9],[6,7,8,9]]

5400_147=[[1,2,3,4],[1,2,3,5],[1,2,4,5],[1,3,4,6],[1,3,5,6],[1,4,5,7],[1,4,6,7],[1,5,6,8],[1,5,7,8],[1,6,7,8],[2,3,4,8],[2,3,5,9],[2,3,7,8],[2,3,7,9],[2,4,5,9],[2,4,8,9],[2,7,8,9],[3,4,6,9],[3,4,8,9],[3,5,6,7],[3,5,7,8],[3,5,8,9],[3,6,7,9],[4,5,6,7],[4,5,6,9],[5,6,8,9],[6,7,8,9]]

5400_148=[[1,2,3,4],[1,2,3,5],[1,2,4,5],[1,3,4,6],[1,3,5,6],[1,4,5,7],[1,4,6,7],[1,5,6,8],[1,5,7,8],[1,6,7,8],[2,3,4,8],[2,3,5,9],[2,3,8,9],[2,4,5,6],[2,4,6,7],[2,4,7,8],[2,5,6,8],[2,5,7,8],[2,5,7,9],[2,6,7,9],[2,6,8,9],[3,4,5,6],[3,4,5,7],[3,4,7,9],[3,4,8,9],[3,5,7,9],[4,7,8,9],[6,7,8,9]]

5400_149=[[1,2,3,4],[1,2,3,5],[1,2,4,5],[1,3,4,6],[1,3,5,6],[1,4,5,7],[1,4,6,7],[1,5,6,8],[1,5,7,8],[1,6,7,8],[2,3,4,8],[2,3,5,9],[2,3,8,9],[2,4,5,6],[2,4,6,7],[2,4,7,8],[2,5,6,8],[2,5,7,8],[2,5,7,9],[2,6,7,9],[2,6,8,9],[3,4,5,6],[3,4,5,9],[3,4,8,9],[4,5,7,9],[4,7,8,9],[6,7,8,9]]

5400_150=[[1,2,3,4],[1,2,3,5],[1,2,4,5],[1,3,4,6],[1,3,5,6],[1,4,5,7],[1,4,6,7],[1,5,6,8],[1,5,7,8],[1,6,7,8],[2,3,4,8],[2,3,5,9],[2,3,8,9],[2,4,5,6],[2,4,6,8],[2,5,6,9],[2,6,7,8],[2,6,7,9],[2,7,8,9],[3,4,5,6],[3,4,5,7],[3,4,7,9],[3,4,8,9],[3,5,7,9],[4,6,7,9],[4,6,8,9],[5,6,8,9],[5,7,8,9]]

5400_151=[[1,2,3,4],[1,2,3,5],[1,2,4,5],[1,3,4,6],[1,3,5,6],[1,4,5,7],[1,4,6,7],[1,5,6,8],[1,5,7,8],[1,6,7,8],[2,3,4,8],[2,3,5,9],[2,3,8,9],[2,4,5,6],[2,4,6,9],[2,4,7,8],[2,4,7,9],[2,5,6,8],[2,5,7,8],[2,5,7,9],[2,6,8,9],[3,4,5,6],[3,4,5,7],[3,4,7,8],[3,5,7,9],[3,7,8,9],[4,6,7,9],[6,7,8,9]]

5400_152=[[1,2,3,4],[1,2,3,5],[1,2,4,5],[1,3,4,6],[1,3,5,6],[1,4,5,7],[1,4,6,7],[1,5,6,8],[1,5,7,8],[1,6,7,8],[2,3,4,9],[2,3,5,6],[2,3,6,8],[2,3,7,8],[2,3,7,9],[2,4,5,9],[2,5,6,7],[2,5,7,8],[2,5,8,9],[2,6,7,9],[2,6,8,9],[3,4,6,8],[3,4,8,9],[3,7,8,9],[4,5,6,7],[4,5,6,8],[4,5,8,9],[6,7,8,9]]

5400_153=[[1,2,3,4],[1,2,3,5],[1,2,4,5],[1,3,4,6],[1,3,5,6],[1,4,5,7],[1,4,6,7],[1,5,6,8],[1,5,7,8],[1,6,7,8],[2,3,4,9],[2,3,5,7],[2,3,7,9],[2,4,5,6],[2,4,6,7],[2,4,7,8],[2,4,8,9],[2,5,6,9],[2,5,7,8],[2,5,8,9],[2,6,7,9],[3,4,5,6],[3,4,5,7],[3,4,7,8],[3,4,8,9],[3,7,8,9],[5,6,8,9],[6,7,8,9]]

5400_154=[[1,2,3,4],[1,2,3,5],[1,2,4,5],[1,3,4,6],[1,3,5,6],[1,4,5,7],[1,4,6,7],[1,5,6,8],[1,5,7,8],[1,6,7,8],[2,3,4,9],[2,3,5,8],[2,3,6,7],[2,3,6,8],[2,3,7,9],[2,4,5,8],[2,4,8,9],[2,6,7,9],[2,6,8,9],[3,4,6,8],[3,4,8,9],[3,5,6,7],[3,5,7,9],[3,5,8,9],[4,5,6,7],[4,5,6,8],[5,7,8,9],[6,7,8,9]]

5400_155=[[1,2,3,4],[1,2,3,5],[1,2,4,5],[1,3,4,6],[1,3,5,6],[1,4,5,7],[1,4,6,7],[1,5,6,8],[1,5,7,8],[1,6,7,8],[2,3,4,9],[2,3,5,8],[2,3,6,8],[2,3,6,9],[2,4,5,8],[2,4,8,9],[2,6,8,9],[3,4,6,8],[3,4,8,9],[3,5,6,7],[3,5,7,9],[3,5,8,9],[3,6,7,9],[4,5,6,7],[4,5,6,8],[5,7,8,9],[6,7,8,9]]

5400_156=[[1,2,3,4],[1,2,3,5],[1,2,4,5],[1,3,4,6],[1,3,5,6],[1,4,5,7],[1,4,6,7],[1,5,6,8],[1,5,7,8],[1,6,7,9],[1,6,8,9],[1,7,8,9],[2,3,4,6],[2,3,5,9],[2,3,6,7],[2,3,7,8],[2,3,8,9],[2,4,5,8],[2,4,6,9],[2,4,8,9],[2,5,7,8],[2,5,7,9],[2,6,7,9],[3,5,6,7],[3,5,7,9],[3,7,8,9],[4,5,6,7],[4,5,6,8],[4,6,8,9]]

5400_157=[[1,2,3,4],[1,2,3,5],[1,2,4,5],[1,3,4,6],[1,3,5,6],[1,4,5,7],[1,4,6,7],[1,5,6,8],[1,5,7,8],[1,6,7,9],[1,6,8,9],[1,7,8,9],[2,3,4,6],[2,3,5,9],[2,3,6,8],[2,3,7,8],[2,3,7,9],[2,4,5,9],[2,4,6,8],[2,4,8,9],[2,7,8,9],[3,5,6,7],[3,5,7,8],[3,5,8,9],[3,6,7,9],[3,6,8,9],[4,5,6,7],[4,5,6,8],[4,5,8,9]]

5400_158=[[1,2,3,4],[1,2,3,5],[1,2,4,5],[1,3,4,6],[1,3,5,6],[1,4,5,7],[1,4,6,7],[1,5,6,8],[1,5,7,8],[1,6,7,9],[1,6,8,9],[1,7,8,9],[2,3,4,7],[2,3,5,6],[2,3,6,8],[2,3,7,8],[2,4,5,9],[2,4,7,8],[2,4,8,9],[2,5,6,9],[2,6,8,9],[3,4,6,8],[3,4,7,9],[3,4,8,9],[3,7,8,9],[4,5,7,9],[4,6,7,8],[5,6,7,8],[5,6,7,9]]

5400_159=[[1,2,3,4],[1,2,3,5],[1,2,4,5],[1,3,4,6],[1,3,5,6],[1,4,5,7],[1,4,6,7],[1,5,6,8],[1,5,7,8],[1,6,7,9],[1,6,8,9],[1,7,8,9],[2,3,4,7],[2,3,5,6],[2,3,6,9],[2,3,7,8],[2,3,8,9],[2,4,5,9],[2,4,7,8],[2,4,8,9],[2,5,6,9],[3,4,6,9],[3,4,7,9],[3,7,8,9],[4,5,7,9],[4,6,7,8],[4,6,8,9],[5,6,7,8],[5,6,7,9]]

5400_160=[[1,2,3,4],[1,2,3,5],[1,2,4,5],[1,3,4,6],[1,3,5,6],[1,4,5,7],[1,4,6,7],[1,5,6,8],[1,5,7,8],[1,6,7,9],[1,6,8,9],[1,7,8,9],[2,3,4,7],[2,3,5,6],[2,3,6,9],[2,3,7,9],[2,4,5,9],[2,4,7,8],[2,4,8,9],[2,5,6,9],[2,7,8,9],[3,4,6,8],[3,4,7,9],[3,4,8,9],[3,6,8,9],[4,5,7,9],[4,6,7,8],[5,6,7,8],[5,6,7,9]]

5400_161=[[1,2,3,4],[1,2,3,5],[1,2,4,5],[1,3,4,6],[1,3,5,6],[1,4,5,7],[1,4,6,7],[1,5,6,8],[1,5,7,8],[1,6,7,9],[1,6,8,9],[1,7,8,9],[2,3,4,7],[2,3,5,7],[2,4,5,9],[2,4,6,7],[2,4,6,8],[2,4,8,9],[2,5,6,8],[2,5,6,9],[2,5,7,8],[2,6,7,9],[2,7,8,9],[3,4,5,7],[3,4,5,9],[3,4,6,8],[3,4,8,9],[3,5,6,9],[3,6,8,9]]

5400_162=[[1,2,3,4],[1,2,3,5],[1,2,4,5],[1,3,4,6],[1,3,5,6],[1,4,5,7],[1,4,6,7],[1,5,6,8],[1,5,7,8],[1,6,7,9],[1,6,8,9],[1,7,8,9],[2,3,4,7],[2,3,5,7],[2,4,5,9],[2,4,6,7],[2,4,6,8],[2,4,8,9],[2,5,6,8],[2,5,6,9],[2,5,7,8],[2,6,7,9],[2,7,8,9],[3,4,5,7],[3,4,5,9],[3,4,6,9],[3,5,6,9],[4,6,8,9]]

5400_163=[[1,2,3,4],[1,2,3,5],[1,2,4,5],[1,3,4,6],[1,3,5,6],[1,4,5,7],[1,4,6,7],[1,5,6,8],[1,5,7,8],[1,6,7,9],[1,6,8,9],[1,7,8,9],[2,3,4,7],[2,3,5,7],[2,4,5,9],[2,4,6,7],[2,4,6,8],[2,4,8,9],[2,5,7,9],[2,6,7,8],[2,7,8,9],[3,4,5,7],[3,4,5,9],[3,4,6,8],[3,4,8,9],[3,5,6,9],[3,6,8,9],[5,6,7,8],[5,6,7,9]]

5400_164=[[1,2,3,4],[1,2,3,5],[1,2,4,5],[1,3,4,6],[1,3,5,6],[1,4,5,7],[1,4,6,7],[1,5,6,8],[1,5,7,8],[1,6,7,9],[1,6,8,9],[1,7,8,9],[2,3,4,7],[2,3,5,7],[2,4,5,9],[2,4,6,8],[2,4,6,9],[2,4,7,8],[2,5,7,9],[2,6,8,9],[2,7,8,9],[3,4,5,7],[3,4,5,9],[3,4,6,9],[3,5,6,9],[4,6,7,8],[5,6,7,8],[5,6,7,9]]

5400_165=[[1,2,3,4],[1,2,3,5],[1,2,4,5],[1,3,4,6],[1,3,5,6],[1,4,5,7],[1,4,6,7],[1,5,6,8],[1,5,7,8],[1,6,7,9],[1,6,8,9],[1,7,8,9],[2,3,4,7],[2,3,5,7],[2,4,5,9],[2,4,7,8],[2,4,8,9],[2,5,6,7],[2,5,6,9],[2,6,7,9],[2,7,8,9],[3,4,5,7],[3,4,5,9],[3,4,6,8],[3,4,8,9],[3,5,6,9],[3,6,8,9],[4,6,7,8],[5,6,7,8]]

5400_166=[[1,2,3,4],[1,2,3,5],[1,2,4,5],[1,3,4,6],[1,3,5,6],[1,4,5,7],[1,4,6,7],[1,5,6,8],[1,5,7,8],[1,6,7,9],[1,6,8,9],[1,7,8,9],[2,3,4,7],[2,3,5,7],[2,4,5,9],[2,4,7,9],[2,5,6,8],[2,5,6,9],[2,5,7,8],[2,6,7,8],[2,6,7,9],[3,4,5,7],[3,4,5,9],[3,4,6,8],[3,4,8,9],[3,5,6,9],[3,6,8,9],[4,6,7,8],[4,7,8,9]]

5400_167=[[1,2,3,4],[1,2,3,5],[1,2,4,5],[1,3,4,6],[1,3,5,6],[1,4,5,7],[1,4,6,7],[1,5,6,8],[1,5,7,8],[1,6,7,9],[1,6,8,9],[1,7,8,9],[2,3,4,7],[2,3,5,7],[2,4,5,9],[2,4,7,9],[2,5,6,8],[2,5,6,9],[2,5,7,8],[2,6,7,8],[2,6,7,9],[3,4,5,7],[3,4,5,9],[3,4,6,9],[3,5,6,9],[4,6,7,8],[4,6,8,9],[4,7,8,9]]

5400_168=[[1,2,3,4],[1,2,3,5],[1,2,4,5],[1,3,4,6],[1,3,5,6],[1,4,5,7],[1,4,6,7],[1,5,6,8],[1,5,7,8],[1,6,7,9],[1,6,8,9],[1,7,8,9],[2,3,4,7],[2,3,5,7],[2,4,5,9],[2,4,7,9],[2,5,7,8],[2,5,8,9],[2,6,7,8],[2,6,7,9],[2,6,8,9],[3,4,5,7],[3,4,5,9],[3,4,6,8],[3,4,8,9],[3,5,6,8],[3,5,8,9],[4,6,7,8],[4,7,8,9]]

5400_169=[[1,2,3,4],[1,2,3,5],[1,2,4,5],[1,3,4,6],[1,3,5,6],[1,4,5,7],[1,4,6,7],[1,5,6,8],[1,5,7,8],[1,6,7,9],[1,6,8,9],[1,7,8,9],[2,3,4,7],[2,3,5,8],[2,3,7,8],[2,4,5,9],[2,4,6,7],[2,4,6,8],[2,4,8,9],[2,5,6,8],[2,5,6,9],[2,6,7,9],[2,7,8,9],[3,4,5,7],[3,4,5,9],[3,4,6,9],[3,5,6,9],[3,5,7,8],[4,6,8,9]]

5400_170=[[1,2,3,4],[1,2,3,5],[1,2,4,5],[1,3,4,6],[1,3,5,6],[1,4,5,7],[1,4,6,7],[1,5,6,8],[1,5,7,8],[1,6,7,9],[1,6,8,9],[1,7,8,9],[2,3,4,7],[2,3,5,8],[2,3,7,9],[2,3,8,9],[2,4,5,6],[2,4,6,7],[2,5,6,8],[2,6,7,9],[2,6,8,9],[3,4,5,6],[3,4,5,9],[3,4,7,8],[3,4,8,9],[3,5,7,8],[3,5,7,9],[4,5,7,9],[4,7,8,9]]

5400_171=[[1,2,3,4],[1,2,3,5],[1,2,4,5],[1,3,4,6],[1,3,5,6],[1,4,5,7],[1,4,6,7],[1,5,6,8],[1,5,7,8],[1,6,7,9],[1,6,8,9],[1,7,8,9],[2,3,4,7],[2,3,5,8],[2,3,7,9],[2,3,8,9],[2,4,5,9],[2,4,6,7],[2,4,6,8],[2,4,8,9],[2,5,6,8],[2,5,6,9],[2,6,7,9],[3,4,5,6],[3,4,5,7],[3,5,7,8],[3,7,8,9],[4,5,6,9],[4,6,8,9]]

5400_172=[[1,2,3,4],[1,2,3,5],[1,2,4,5],[1,3,4,6],[1,3,5,6],[1,4,5,7],[1,4,6,7],[1,5,6,8],[1,5,7,8],[1,6,7,9],[1,6,8,9],[1,7,8,9],[2,3,4,7],[2,3,5,9],[2,3,6,7],[2,3,6,8],[2,3,8,9],[2,4,5,9],[2,4,7,9],[2,6,7,9],[2,6,8,9],[3,4,5,7],[3,4,5,9],[3,4,6,8],[3,4,8,9],[3,5,6,7],[4,6,7,8],[4,7,8,9],[5,6,7,8]]

5400_173=[[1,2,3,4],[1,2,3,5],[1,2,4,5],[1,3,4,6],[1,3,5,6],[1,4,5,7],[1,4,6,7],[1,5,6,8],[1,5,7,8],[1,6,7,9],[1,6,8,9],[1,7,8,9],[2,3,4,7],[2,3,5,9],[2,3,6,7],[2,3,6,9],[2,4,5,9],[2,4,7,8],[2,4,8,9],[2,6,7,9],[2,7,8,9],[3,4,5,7],[3,4,5,9],[3,4,6,8],[3,4,8,9],[3,5,6,7],[3,6,8,9],[4,6,7,8],[5,6,7,8]]

5400_174=[[1,2,3,4],[1,2,3,5],[1,2,4,5],[1,3,4,6],[1,3,5,6],[1,4,5,7],[1,4,6,7],[1,5,6,8],[1,5,7,8],[1,6,7,9],[1,6,8,9],[1,7,8,9],[2,3,4,7],[2,3,5,9],[2,3,6,7],[2,3,6,9],[2,4,5,9],[2,4,7,8],[2,4,8,9],[2,6,7,9],[2,7,8,9],[3,4,5,7],[3,4,5,9],[3,4,6,9],[3,5,6,8],[3,5,7,8],[3,6,7,8],[4,6,7,8],[4,6,8,9]]

5400_175=[[1,2,3,4],[1,2,3,5],[1,2,4,5],[1,3,4,6],[1,3,5,6],[1,4,5,7],[1,4,6,7],[1,5,6,8],[1,5,7,8],[1,6,7,9],[1,6,8,9],[1,7,8,9],[2,3,4,7],[2,3,5,9],[2,3,6,8],[2,3,6,9],[2,3,7,8],[2,4,5,9],[2,4,6,7],[2,4,6,8],[2,4,8,9],[2,6,7,9],[2,7,8,9],[3,4,5,7],[3,4,5,9],[3,4,6,9],[3,5,6,8],[3,5,7,8],[4,6,8,9]]

5400_176=[[1,2,3,4],[1,2,3,5],[1,2,4,5],[1,3,4,6],[1,3,5,6],[1,4,5,7],[1,4,6,7],[1,5,6,8],[1,5,7,8],[1,6,7,9],[1,6,8,9],[1,7,8,9],[2,3,4,7],[2,3,5,9],[2,3,7,8],[2,3,8,9],[2,4,5,6],[2,4,6,7],[2,5,6,8],[2,5,7,8],[2,5,7,9],[2,6,7,9],[2,6,8,9],[3,4,5,6],[3,4,5,9],[3,4,7,8],[3,4,8,9],[4,5,7,9],[4,7,8,9]]

5400_177=[[1,2,3,4],[1,2,3,5],[1,2,4,5],[1,3,4,6],[1,3,5,6],[1,4,5,7],[1,4,6,7],[1,5,6,8],[1,5,7,8],[1,6,7,9],[1,6,8,9],[1,7,8,9],[2,3,4,7],[2,3,5,9],[2,3,7,8],[2,3,8,9],[2,4,5,6],[2,4,6,7],[2,5,6,8],[2,5,7,8],[2,5,7,9],[2,6,7,9],[2,6,8,9],[3,4,5,6],[3,4,5,9],[3,4,7,9],[3,7,8,9],[4,5,7,9]]

5400_178=[[1,2,3,4],[1,2,3,5],[1,2,4,5],[1,3,4,6],[1,3,5,6],[1,4,5,7],[1,4,6,7],[1,5,6,8],[1,5,7,8],[1,6,7,9],[1,6,8,9],[1,7,8,9],[2,3,4,7],[2,3,5,9],[2,3,7,8],[2,3,8,9],[2,4,5,6],[2,4,6,7],[2,5,6,9],[2,6,7,8],[2,6,8,9],[3,4,5,6],[3,4,5,9],[3,4,7,8],[3,4,8,9],[4,5,7,9],[4,7,8,9],[5,6,7,8],[5,6,7,9]]

5400_179=[[1,2,3,4],[1,2,3,5],[1,2,4,5],[1,3,4,6],[1,3,5,6],[1,4,5,7],[1,4,6,7],[1,5,6,8],[1,5,7,8],[1,6,7,9],[1,6,8,9],[1,7,8,9],[2,3,4,7],[2,3,5,9],[2,3,7,8],[2,3,8,9],[2,4,5,6],[2,4,6,8],[2,4,7,8],[2,5,6,9],[2,6,8,9],[3,4,5,6],[3,4,5,7],[3,5,7,9],[3,7,8,9],[4,6,7,8],[5,6,7,8],[5,6,7,9]]

5400_180=[[1,2,3,4],[1,2,3,5],[1,2,4,5],[1,3,4,6],[1,3,5,6],[1,4,5,7],[1,4,6,7],[1,5,6,8],[1,5,7,8],[1,6,7,9],[1,6,8,9],[1,7,8,9],[2,3,4,7],[2,3,5,9],[2,3,7,8],[2,3,8,9],[2,4,5,6],[2,4,6,8],[2,4,7,8],[2,5,6,9],[2,6,8,9],[3,4,5,6],[3,4,5,9],[3,4,7,9],[3,7,8,9],[4,5,7,9],[4,6,7,8],[5,6,7,8],[5,6,7,9]]

5400_181=[[1,2,3,4],[1,2,3,5],[1,2,4,5],[1,3,4,6],[1,3,5,6],[1,4,5,7],[1,4,6,7],[1,5,6,8],[1,5,7,8],[1,6,7,9],[1,6,8,9],[1,7,8,9],[2,3,4,7],[2,3,5,9],[2,3,7,8],[2,3,8,9],[2,4,5,6],[2,4,6,8],[2,4,7,9],[2,4,8,9],[2,5,6,8],[2,5,7,8],[2,5,7,9],[3,4,5,6],[3,4,5,7],[3,5,7,9],[3,7,8,9],[4,6,7,9],[4,6,8,9]]

5400_182=[[1,2,3,4],[1,2,3,5],[1,2,4,5],[1,3,4,6],[1,3,5,6],[1,4,5,7],[1,4,6,7],[1,5,6,8],[1,5,7,8],[1,6,7,9],[1,6,8,9],[1,7,8,9],[2,3,4,7],[2,3,5,9],[2,3,7,8],[2,3,8,9],[2,4,5,8],[2,4,6,7],[2,4,6,8],[2,5,7,8],[2,5,7,9],[2,6,7,9],[2,6,8,9],[3,4,5,6],[3,4,5,9],[3,4,7,9],[3,7,8,9],[4,5,6,8],[4,5,7,9]]

5400_183=[[1,2,3,4],[1,2,3,5],[1,2,4,5],[1,3,4,6],[1,3,5,6],[1,4,5,7],[1,4,6,7],[1,5,6,8],[1,5,7,8],[1,6,7,9],[1,6,8,9],[1,7,8,9],[2,3,4,7],[2,3,5,9],[2,3,7,8],[2,3,8,9],[2,4,5,8],[2,4,6,7],[2,4,6,9],[2,4,8,9],[2,5,7,8],[2,5,7,9],[2,6,7,9],[3,4,5,6],[3,4,5,7],[3,5,7,9],[3,7,8,9],[4,5,6,8],[4,6,8,9]]

5400_184=[[1,2,3,4],[1,2,3,5],[1,2,4,5],[1,3,4,6],[1,3,5,6],[1,4,5,7],[1,4,6,7],[1,5,6,8],[1,5,7,8],[1,6,7,9],[1,6,8,9],[1,7,8,9],[2,3,4,7],[2,3,5,9],[2,3,7,8],[2,3,8,9],[2,4,5,8],[2,4,6,8],[2,4,6,9],[2,4,7,9],[2,5,7,8],[2,5,7,9],[2,6,8,9],[3,4,5,6],[3,4,5,7],[3,5,7,9],[3,7,8,9],[4,5,6,8],[4,6,7,9]]

5400_185=[[1,2,3,4],[1,2,3,5],[1,2,4,5],[1,3,4,6],[1,3,5,6],[1,4,5,7],[1,4,6,7],[1,5,6,8],[1,5,7,8],[1,6,7,9],[1,6,8,9],[1,7,8,9],[2,3,4,7],[2,3,5,9],[2,3,7,8],[2,3,8,9],[2,4,5,8],[2,4,7,9],[2,4,8,9],[2,5,7,8],[2,5,7,9],[3,4,5,6],[3,4,5,7],[3,5,7,9],[3,7,8,9],[4,5,6,8],[4,6,7,9],[4,6,8,9]]

5400_186=[[1,2,3,4],[1,2,3,5],[1,2,4,5],[1,3,4,6],[1,3,5,6],[1,4,5,7],[1,4,6,7],[1,5,6,8],[1,5,7,8],[1,6,7,9],[1,6,8,9],[1,7,8,9],[2,3,4,7],[2,3,5,9],[2,3,7,8],[2,3,8,9],[2,4,5,9],[2,4,6,7],[2,4,6,8],[2,4,8,9],[2,6,7,8],[3,4,5,7],[3,4,5,9],[3,4,6,9],[3,5,6,7],[3,6,7,9],[3,7,8,9],[4,6,8,9],[5,6,7,8]]

5400_187=[[1,2,3,4],[1,2,3,5],[1,2,4,5],[1,3,4,6],[1,3,5,6],[1,4,5,7],[1,4,6,7],[1,5,6,8],[1,5,7,8],[1,6,7,9],[1,6,8,9],[1,7,8,9],[2,3,4,7],[2,3,5,9],[2,3,7,8],[2,3,8,9],[2,4,5,9],[2,4,6,7],[2,4,6,8],[2,4,8,9],[2,6,7,8],[3,4,6,9],[3,4,7,9],[3,5,6,9],[3,7,8,9],[4,5,7,9],[4,6,8,9],[5,6,7,8],[5,6,7,9]]

5400_188=[[1,2,3,4],[1,2,3,5],[1,2,4,5],[1,3,4,6],[1,3,5,6],[1,4,5,7],[1,4,6,7],[1,5,6,8],[1,5,7,8],[1,6,7,9],[1,6,8,9],[1,7,8,9],[2,3,4,7],[2,3,5,9],[2,3,7,8],[2,3,8,9],[2,4,5,9],[2,4,6,8],[2,4,6,9],[2,4,7,8],[2,6,8,9],[3,4,5,7],[3,4,5,9],[3,4,6,9],[3,5,6,7],[3,6,7,9],[3,7,8,9],[4,6,7,8],[5,6,7,8]]

5400_189=[[1,2,3,4],[1,2,3,5],[1,2,4,5],[1,3,4,6],[1,3,5,6],[1,4,5,7],[1,4,6,7],[1,5,6,8],[1,5,7,8],[1,6,7,9],[1,6,8,9],[1,7,8,9],[2,3,4,7],[2,3,5,9],[2,3,7,8],[2,3,8,9],[2,4,5,9],[2,4,6,8],[2,4,6,9],[2,4,7,8],[2,6,8,9],[3,4,6,9],[3,4,7,9],[3,5,6,9],[3,7,8,9],[4,5,7,9],[4,6,7,8],[5,6,7,8],[5,6,7,9]]

5400_190=[[1,2,3,4],[1,2,3,5],[1,2,4,5],[1,3,4,6],[1,3,5,6],[1,4,5,7],[1,4,6,7],[1,5,6,8],[1,5,7,8],[1,6,7,9],[1,6,8,9],[1,7,8,9],[2,3,4,7],[2,3,5,9],[2,3,7,8],[2,3,8,9],[2,4,5,9],[2,4,7,8],[2,4,8,9],[3,4,5,7],[3,4,5,9],[3,4,6,9],[3,5,6,7],[3,6,7,9],[3,7,8,9],[4,6,7,8],[4,6,8,9],[5,6,7,8]]

5400_191=[[1,2,3,4],[1,2,3,5],[1,2,4,5],[1,3,4,6],[1,3,5,6],[1,4,5,7],[1,4,6,7],[1,5,6,8],[1,5,7,8],[1,6,7,9],[1,6,8,9],[1,7,8,9],[2,3,4,7],[2,3,5,9],[2,3,7,8],[2,3,8,9],[2,4,5,9],[2,4,7,8],[2,4,8,9],[3,4,6,9],[3,4,7,9],[3,5,6,9],[3,7,8,9],[4,5,7,9],[4,6,7,8],[4,6,8,9],[5,6,7,8],[5,6,7,9]]

5400_192=[[1,2,3,4],[1,2,3,5],[1,2,4,5],[1,3,4,6],[1,3,5,6],[1,4,5,7],[1,4,6,7],[1,5,6,8],[1,5,7,8],[1,6,7,9],[1,6,8,9],[1,7,8,9],[2,3,4,7],[2,3,5,9],[2,3,7,9],[2,4,5,9],[2,4,6,7],[2,4,6,8],[2,4,8,9],[2,6,7,8],[2,7,8,9],[3,4,5,7],[3,4,5,9],[3,4,6,8],[3,4,8,9],[3,5,6,7],[3,6,7,9],[3,6,8,9],[5,6,7,8]]

5400_193=[[1,2,3,4],[1,2,3,5],[1,2,4,5],[1,3,4,6],[1,3,5,6],[1,4,5,7],[1,4,6,7],[1,5,6,8],[1,5,7,8],[1,6,7,9],[1,6,8,9],[1,7,8,9],[2,3,4,7],[2,3,5,9],[2,3,7,9],[2,4,5,9],[2,4,6,7],[2,4,6,8],[2,4,8,9],[2,6,7,8],[2,7,8,9],[3,4,5,7],[3,4,5,9],[3,4,6,9],[3,5,6,8],[3,5,7,8],[3,6,7,8],[3,6,7,9],[4,6,8,9]]

5400_194=[[1,2,3,4],[1,2,3,5],[1,2,4,5],[1,3,4,6],[1,3,5,6],[1,4,5,7],[1,4,6,7],[1,5,6,8],[1,5,7,8],[1,6,7,9],[1,6,8,9],[1,7,8,9],[2,3,4,7],[2,3,5,9],[2,3,7,9],[2,4,5,9],[2,4,6,7],[2,4,6,8],[2,4,8,9],[2,6,7,8],[2,7,8,9],[3,4,6,8],[3,4,7,9],[3,4,8,9],[3,5,6,9],[3,6,8,9],[4,5,7,9],[5,6,7,8],[5,6,7,9]]

5400_195=[[1,2,3,4],[1,2,3,5],[1,2,4,5],[1,3,4,6],[1,3,5,6],[1,4,5,7],[1,4,6,7],[1,5,6,8],[1,5,7,8],[1,6,7,9],[1,6,8,9],[1,7,8,9],[2,3,4,7],[2,3,5,9],[2,3,7,9],[2,4,5,9],[2,4,6,8],[2,4,6,9],[2,4,7,8],[2,6,8,9],[2,7,8,9],[3,4,5,7],[3,4,5,9],[3,4,6,9],[3,5,6,8],[3,5,7,8],[3,6,7,8],[3,6,7,9],[4,6,7,8]]

5400_196=[[1,2,3,4],[1,2,3,5],[1,2,4,5],[1,3,4,6],[1,3,5,6],[1,4,5,7],[1,4,6,7],[1,5,6,8],[1,5,7,8],[1,6,7,9],[1,6,8,9],[1,7,8,9],[2,3,4,7],[2,3,5,9],[2,3,7,9],[2,4,5,9],[2,4,6,8],[2,4,6,9],[2,4,7,8],[2,6,8,9],[2,7,8,9],[3,4,6,9],[3,4,7,9],[3,5,6,9],[4,5,7,9],[4,6,7,8],[5,6,7,8],[5,6,7,9]]

5400_197=[[1,2,3,4],[1,2,3,5],[1,2,4,5],[1,3,4,6],[1,3,5,6],[1,4,5,7],[1,4,6,7],[1,5,6,8],[1,5,7,8],[1,6,7,9],[1,6,8,9],[1,7,8,9],[2,3,4,8],[2,3,5,6],[2,3,6,9],[2,3,7,8],[2,3,7,9],[2,4,5,9],[2,4,8,9],[2,5,6,9],[2,7,8,9],[3,4,6,9],[3,4,7,8],[3,4,7,9],[4,5,7,9],[4,6,7,8],[4,6,8,9],[5,6,7,8],[5,6,7,9]]

5400_198=[[1,2,3,4],[1,2,3,5],[1,2,4,5],[1,3,4,6],[1,3,5,6],[1,4,5,7],[1,4,6,7],[1,5,6,8],[1,5,7,8],[1,6,7,9],[1,6,8,9],[1,7,8,9],[2,3,4,8],[2,3,5,6],[2,3,6,9],[2,3,8,9],[2,4,5,7],[2,4,7,9],[2,4,8,9],[2,5,6,7],[2,6,7,9],[3,4,6,9],[3,4,7,8],[3,4,7,9],[3,7,8,9],[4,6,7,8],[4,6,8,9],[5,6,7,8]]

5400_199=[[1,2,3,4],[1,2,3,5],[1,2,4,5],[1,3,4,6],[1,3,5,6],[1,4,5,7],[1,4,6,7],[1,5,6,8],[1,5,7,8],[1,6,7,9],[1,6,8,9],[1,7,8,9],[2,3,4,8],[2,3,5,6],[2,3,6,9],[2,3,8,9],[2,4,5,7],[2,4,7,9],[2,4,8,9],[2,5,6,9],[2,5,7,9],[3,4,6,9],[3,4,7,8],[3,4,7,9],[3,7,8,9],[4,6,7,8],[4,6,8,9],[5,6,7,8],[5,6,7,9]]

5400_200=[[1,2,3,4],[1,2,3,5],[1,2,4,5],[1,3,4,6],[1,3,5,6],[1,4,5,7],[1,4,6,7],[1,5,6,8],[1,5,7,8],[1,6,7,9],[1,6,8,9],[1,7,8,9],[2,3,4,8],[2,3,5,6],[2,3,6,9],[2,3,8,9],[2,4,5,9],[2,4,8,9],[2,5,6,7],[2,5,7,9],[2,6,7,9],[3,4,6,9],[3,4,7,8],[3,4,7,9],[3,7,8,9],[4,5,7,9],[4,6,7,8],[4,6,8,9],[5,6,7,8]]

5400_201=[[1,2,3,4],[1,2,3,5],[1,2,4,5],[1,3,4,6],[1,3,5,6],[1,4,5,7],[1,4,6,7],[1,5,6,8],[1,5,7,8],[1,6,7,9],[1,6,8,9],[1,7,8,9],[2,3,4,8],[2,3,5,7],[2,3,6,7],[2,3,6,8],[2,4,5,9],[2,4,8,9],[2,5,6,8],[2,5,6,9],[2,5,7,8],[2,6,7,9],[2,7,8,9],[3,4,5,7],[3,4,5,9],[3,4,6,7],[3,4,8,9],[3,5,6,9],[3,6,8,9]]

5400_202=[[1,2,3,4],[1,2,3,5],[1,2,4,5],[1,3,4,6],[1,3,5,6],[1,4,5,7],[1,4,6,7],[1,5,6,8],[1,5,7,8],[1,6,7,9],[1,6,8,9],[1,7,8,9],[2,3,4,8],[2,3,5,7],[2,3,6,7],[2,3,6,8],[2,4,5,9],[2,4,8,9],[2,5,7,9],[2,6,7,8],[2,7,8,9],[3,4,5,7],[3,4,5,9],[3,4,6,7],[3,4,8,9],[3,5,6,9],[3,6,8,9],[5,6,7,8],[5,6,7,9]]

5400_203=[[1,2,3,4],[1,2,3,5],[1,2,4,5],[1,3,4,6],[1,3,5,6],[1,4,5,7],[1,4,6,7],[1,5,6,8],[1,5,7,8],[1,6,7,9],[1,6,8,9],[1,7,8,9],[2,3,4,8],[2,3,5,7],[2,3,7,8],[2,4,5,9],[2,4,6,8],[2,4,6,9],[2,5,7,8],[2,5,8,9],[2,6,8,9],[3,4,6,9],[3,4,8,9],[3,5,6,7],[3,6,7,9],[3,7,8,9],[4,5,6,7],[4,5,6,8],[4,5,8,9]]

5400_204=[[1,2,3,4],[1,2,3,5],[1,2,4,5],[1,3,4,6],[1,3,5,6],[1,4,5,7],[1,4,6,7],[1,5,6,8],[1,5,7,8],[1,6,7,9],[1,6,8,9],[1,7,8,9],[2,3,4,8],[2,3,5,7],[2,3,7,8],[2,4,5,9],[2,4,6,8],[2,4,6,9],[2,5,7,9],[2,6,8,9],[2,7,8,9],[3,4,5,7],[3,4,5,9],[3,4,6,9],[3,4,7,8],[3,5,6,9],[4,6,7,8],[5,6,7,8],[5,6,7,9]]

5400_205=[[1,2,3,4],[1,2,3,5],[1,2,4,5],[1,3,4,6],[1,3,5,6],[1,4,5,7],[1,4,6,7],[1,5,6,8],[1,5,7,8],[1,6,7,9],[1,6,8,9],[1,7,8,9],[2,3,4,8],[2,3,5,7],[2,3,7,8],[2,4,5,9],[2,4,8,9],[2,5,6,7],[2,5,6,9],[2,6,7,9],[2,7,8,9],[3,4,5,7],[3,4,5,9],[3,4,6,9],[3,4,7,8],[3,5,6,9],[4,6,7,8],[4,6,8,9],[5,6,7,8]]

5400_206=[[1,2,3,4],[1,2,3,5],[1,2,4,5],[1,3,4,6],[1,3,5,6],[1,4,5,7],[1,4,6,7],[1,5,6,8],[1,5,7,8],[1,6,7,9],[1,6,8,9],[1,7,8,9],[2,3,4,8],[2,3,5,7],[2,3,7,8],[2,4,5,9],[2,4,8,9],[2,5,7,9],[2,7,8,9],[3,4,5,7],[3,4,5,9],[3,4,6,9],[3,4,7,8],[3,5,6,9],[4,6,7,8],[4,6,8,9],[5,6,7,8],[5,6,7,9]]

5400_207=[[1,2,3,4],[1,2,3,5],[1,2,4,5],[1,3,4,6],[1,3,5,6],[1,4,5,7],[1,4,6,7],[1,5,6,8],[1,5,7,8],[1,6,7,9],[1,6,8,9],[1,7,8,9],[2,3,4,8],[2,3,5,7],[2,3,7,9],[2,3,8,9],[2,4,5,6],[2,4,6,8],[2,5,6,9],[2,5,7,9],[2,6,8,9],[3,4,5,6],[3,4,5,7],[3,4,7,8],[3,7,8,9],[4,6,7,8],[5,6,7,8],[5,6,7,9]]

5400_208=[[1,2,3,4],[1,2,3,5],[1,2,4,5],[1,3,4,6],[1,3,5,6],[1,4,5,7],[1,4,6,7],[1,5,6,8],[1,5,7,8],[1,6,7,9],[1,6,8,9],[1,7,8,9],[2,3,4,8],[2,3,5,7],[2,3,7,9],[2,3,8,9],[2,4,5,9],[2,4,6,8],[2,4,6,9],[2,5,7,9],[2,6,8,9],[3,4,5,6],[3,4,5,7],[3,4,7,8],[3,7,8,9],[4,5,6,9],[4,6,7,8],[5,6,7,8],[5,6,7,9]]

5400_209=[[1,2,3,4],[1,2,3,5],[1,2,4,5],[1,3,4,6],[1,3,5,6],[1,4,5,7],[1,4,6,7],[1,5,6,8],[1,5,7,8],[1,6,7,9],[1,6,8,9],[1,7,8,9],[2,3,4,8],[2,3,5,8],[2,4,5,9],[2,4,8,9],[2,5,6,8],[2,5,6,9],[2,6,7,8],[2,6,7,9],[2,7,8,9],[3,4,5,7],[3,4,5,9],[3,4,6,7],[3,4,8,9],[3,5,6,9],[3,5,7,8],[3,6,7,8],[3,6,8,9]]

5400_210=[[1,2,3,4],[1,2,3,5],[1,2,4,5],[1,3,4,6],[1,3,5,6],[1,4,5,7],[1,4,6,7],[1,5,6,8],[1,5,7,8],[1,6,7,9],[1,6,8,9],[1,7,8,9],[2,3,4,8],[2,3,5,8],[2,4,5,9],[2,4,8,9],[2,5,6,8],[2,5,6,9],[2,6,7,8],[2,6,7,9],[2,7,8,9],[3,4,5,7],[3,4,5,9],[3,4,6,9],[3,4,7,8],[3,5,6,9],[3,5,7,8],[4,6,7,8],[4,6,8,9]]

5400_211=[[1,2,3,4],[1,2,3,5],[1,2,4,5],[1,3,4,6],[1,3,5,6],[1,4,5,7],[1,4,6,7],[1,5,6,8],[1,5,7,8],[1,6,7,9],[1,6,8,9],[1,7,8,9],[2,3,4,8],[2,3,5,9],[2,3,6,7],[2,3,6,8],[2,3,7,9],[2,4,5,9],[2,4,6,7],[2,4,6,9],[2,4,7,8],[2,6,8,9],[2,7,8,9],[3,4,5,8],[3,4,5,9],[3,4,6,9],[3,5,6,8],[3,6,7,9],[4,5,7,8]]

5400_212=[[1,2,3,4],[1,2,3,5],[1,2,4,5],[1,3,4,6],[1,3,5,6],[1,4,5,7],[1,4,6,7],[1,5,6,8],[1,5,7,8],[1,6,7,9],[1,6,8,9],[1,7,8,9],[2,3,4,8],[2,3,5,9],[2,3,6,7],[2,3,6,8],[2,3,7,9],[2,4,5,9],[2,4,8,9],[2,6,7,8],[2,7,8,9],[3,4,5,8],[3,4,5,9],[3,4,6,9],[3,5,6,8],[3,6,7,9],[4,5,7,8],[4,6,7,8],[4,6,8,9]]

5400_213=[[1,2,3,4],[1,2,3,5],[1,2,4,5],[1,3,4,6],[1,3,5,6],[1,4,5,7],[1,4,6,7],[1,5,6,8],[1,5,7,8],[1,6,7,9],[1,6,8,9],[1,7,8,9],[2,3,4,8],[2,3,5,9],[2,3,6,7],[2,3,6,9],[2,3,7,8],[2,4,5,8],[2,5,8,9],[2,6,7,9],[2,7,8,9],[3,4,6,9],[3,4,8,9],[3,5,6,7],[3,5,7,8],[3,5,8,9],[4,5,6,7],[4,5,6,8],[4,6,8,9]]

5400_214=[[1,2,3,4],[1,2,3,5],[1,2,4,5],[1,3,4,6],[1,3,5,6],[1,4,5,7],[1,4,6,7],[1,5,6,8],[1,5,7,8],[1,6,7,9],[1,6,8,9],[1,7,8,9],[2,3,4,8],[2,3,5,9],[2,3,6,7],[2,3,6,9],[2,3,7,8],[2,4,5,9],[2,4,8,9],[2,6,7,9],[2,7,8,9],[3,4,6,8],[3,5,6,7],[3,5,7,8],[3,5,8,9],[3,6,8,9],[4,5,6,7],[4,5,6,8],[4,5,8,9]]

5400_215=[[1,2,3,4],[1,2,3,5],[1,2,4,5],[1,3,4,6],[1,3,5,6],[1,4,5,7],[1,4,6,7],[1,5,6,8],[1,5,7,8],[1,6,7,9],[1,6,8,9],[1,7,8,9],[2,3,4,8],[2,3,5,9],[2,3,6,7],[2,3,6,9],[2,3,7,8],[2,4,5,9],[2,4,8,9],[2,6,7,9],[2,7,8,9],[3,4,6,9],[3,4,8,9],[3,5,6,7],[3,5,7,8],[3,5,8,9],[4,5,6,7],[4,5,6,9],[5,6,8,9]]

5400_216=[[1,2,3,4],[1,2,3,5],[1,2,4,5],[1,3,4,6],[1,3,5,6],[1,4,5,7],[1,4,6,7],[1,5,6,8],[1,5,7,8],[1,6,7,9],[1,6,8,9],[1,7,8,9],[2,3,4,8],[2,3,5,9],[2,3,7,8],[2,3,7,9],[2,4,5,6],[2,4,6,8],[2,5,6,8],[2,5,8,9],[2,7,8,9],[3,4,5,6],[3,4,5,7],[3,4,7,9],[3,4,8,9],[3,5,7,8],[3,5,8,9],[4,6,7,9],[4,6,8,9]]

5400_217=[[1,2,3,4],[1,2,3,5],[1,2,4,5],[1,3,4,6],[1,3,5,6],[1,4,5,7],[1,4,6,7],[1,5,6,8],[1,5,7,8],[1,6,7,9],[1,6,8,9],[1,7,8,9],[2,3,4,8],[2,3,5,9],[2,3,7,8],[2,3,7,9],[2,4,5,6],[2,4,6,8],[2,5,6,8],[2,5,8,9],[2,7,8,9],[3,4,6,9],[3,4,8,9],[3,5,6,7],[3,5,7,8],[3,5,8,9],[3,6,7,9],[4,5,6,7],[4,6,8,9]]

5400_218=[[1,2,3,4],[1,2,3,5],[1,2,4,5],[1,3,4,6],[1,3,5,6],[1,4,5,7],[1,4,6,7],[1,5,6,8],[1,5,7,8],[1,6,7,9],[1,6,8,9],[1,7,8,9],[2,3,4,8],[2,3,5,9],[2,3,7,8],[2,3,7,9],[2,4,5,6],[2,4,6,8],[2,5,6,9],[2,6,8,9],[2,7,8,9],[3,4,5,6],[3,4,5,9],[3,4,7,8],[3,4,7,9],[4,5,7,9],[4,6,7,8],[5,6,7,8],[5,6,7,9]]

5400_219=[[1,2,3,4],[1,2,3,5],[1,2,4,5],[1,3,4,6],[1,3,5,6],[1,4,5,7],[1,4,6,7],[1,5,6,8],[1,5,7,8],[1,6,7,9],[1,6,8,9],[1,7,8,9],[2,3,4,8],[2,3,5,9],[2,3,7,8],[2,3,7,9],[2,4,5,6],[2,4,6,9],[2,4,8,9],[2,5,6,9],[2,7,8,9],[3,4,5,6],[3,4,5,7],[3,4,7,8],[3,5,7,9],[4,6,7,8],[4,6,8,9],[5,6,7,8],[5,6,7,9]]

5400_220=[[1,2,3,4],[1,2,3,5],[1,2,4,5],[1,3,4,6],[1,3,5,6],[1,4,5,7],[1,4,6,7],[1,5,6,8],[1,5,7,8],[1,6,7,9],[1,6,8,9],[1,7,8,9],[2,3,4,8],[2,3,5,9],[2,3,7,8],[2,3,7,9],[2,4,5,6],[2,4,6,9],[2,4,8,9],[2,5,6,9],[2,7,8,9],[3,4,5,6],[3,4,5,7],[3,4,7,9],[3,4,8,9],[3,5,7,8],[3,5,8,9],[4,6,7,9],[5,6,8,9]]

5400_221=[[1,2,3,4],[1,2,3,5],[1,2,4,5],[1,3,4,6],[1,3,5,6],[1,4,5,7],[1,4,6,7],[1,5,6,8],[1,5,7,8],[1,6,7,9],[1,6,8,9],[1,7,8,9],[2,3,4,8],[2,3,5,9],[2,3,7,8],[2,3,7,9],[2,4,5,9],[2,4,6,8],[2,4,6,9],[2,6,8,9],[2,7,8,9],[3,4,5,6],[3,4,5,7],[3,4,7,8],[3,5,7,9],[4,5,6,9],[4,6,7,8],[5,6,7,8],[5,6,7,9]]

5400_222=[[1,2,3,4],[1,2,3,5],[1,2,4,5],[1,3,4,6],[1,3,5,6],[1,4,5,7],[1,4,6,7],[1,5,6,8],[1,5,7,8],[1,6,7,9],[1,6,8,9],[1,7,8,9],[2,3,4,8],[2,3,5,9],[2,3,7,8],[2,3,7,9],[2,4,5,9],[2,4,6,8],[2,4,6,9],[2,6,8,9],[2,7,8,9],[3,4,5,8],[3,4,5,9],[3,4,6,9],[3,5,6,8],[3,6,7,8],[3,6,7,9],[4,5,7,8],[4,6,7,8]]

5400_223=[[1,2,3,4],[1,2,3,5],[1,2,4,5],[1,3,4,6],[1,3,5,6],[1,4,5,7],[1,4,6,7],[1,5,6,8],[1,5,7,8],[1,6,7,9],[1,6,8,9],[1,7,8,9],[2,3,4,8],[2,3,5,9],[2,3,7,8],[2,3,7,9],[2,4,5,9],[2,4,6,8],[2,4,6,9],[2,6,8,9],[2,7,8,9],[3,4,6,9],[3,4,7,8],[3,4,7,9],[3,5,6,9],[4,5,7,9],[4,6,7,8],[5,6,7,8],[5,6,7,9]]

5400_224=[[1,2,3,4],[1,2,3,5],[1,2,4,5],[1,3,4,6],[1,3,5,6],[1,4,5,7],[1,4,6,7],[1,5,6,8],[1,5,7,8],[1,6,7,9],[1,6,8,9],[1,7,8,9],[2,3,4,8],[2,3,5,9],[2,3,8,9],[2,4,5,6],[2,4,6,7],[2,4,7,8],[2,5,6,8],[2,5,7,8],[2,5,7,9],[2,6,7,9],[2,6,8,9],[3,4,5,6],[3,4,5,9],[3,4,7,8],[3,4,7,9],[3,7,8,9],[4,5,7,9]]

5400_225=[[1,2,3,4],[1,2,3,5],[1,2,4,5],[1,3,4,6],[1,3,5,6],[1,4,5,7],[1,4,6,7],[1,5,6,8],[1,5,7,8],[1,6,7,9],[1,6,8,9],[1,7,8,9],[2,3,4,8],[2,3,5,9],[2,3,8,9],[2,4,5,6],[2,4,6,7],[2,4,7,8],[2,5,6,9],[2,6,7,8],[2,6,8,9],[3,4,5,6],[3,4,5,7],[3,4,7,8],[3,5,7,9],[3,7,8,9],[5,6,7,8],[5,6,7,9]]

5400_226=[[1,2,3,4],[1,2,3,5],[1,2,4,5],[1,3,4,6],[1,3,5,6],[1,4,5,7],[1,4,6,7],[1,5,6,8],[1,5,7,8],[1,6,7,9],[1,6,8,9],[1,7,8,9],[2,3,4,8],[2,3,5,9],[2,3,8,9],[2,4,5,6],[2,4,6,7],[2,4,7,8],[2,5,6,9],[2,6,7,8],[2,6,8,9],[3,4,5,6],[3,4,5,9],[3,4,7,8],[3,4,7,9],[3,7,8,9],[4,5,7,9],[5,6,7,8],[5,6,7,9]]

5400_227=[[1,2,3,4],[1,2,3,5],[1,2,4,5],[1,3,4,6],[1,3,5,6],[1,4,5,7],[1,4,6,7],[1,5,6,8],[1,5,7,8],[1,6,7,9],[1,6,8,9],[1,7,8,9],[2,3,4,8],[2,3,5,9],[2,3,8,9],[2,4,5,6],[2,4,6,8],[2,5,6,7],[2,5,7,9],[2,6,7,9],[2,6,8,9],[3,4,5,6],[3,4,5,9],[3,4,7,8],[3,4,7,9],[3,7,8,9],[4,5,7,9],[4,6,7,8],[5,6,7,8]]

5400_228=[[1,2,3,4],[1,2,3,5],[1,2,4,5],[1,3,4,6],[1,3,5,6],[1,4,5,7],[1,4,6,7],[1,5,6,8],[1,5,7,8],[1,6,7,9],[1,6,8,9],[1,7,8,9],[2,3,4,8],[2,3,5,9],[2,3,8,9],[2,4,5,6],[2,4,6,8],[2,5,6,9],[2,6,8,9],[3,4,5,6],[3,4,5,7],[3,4,7,8],[3,5,7,9],[3,7,8,9],[4,6,7,8],[5,6,7,8],[5,6,7,9]]

5400_229=[[1,2,3,4],[1,2,3,5],[1,2,4,5],[1,3,4,6],[1,3,5,6],[1,4,5,7],[1,4,6,7],[1,5,6,8],[1,5,7,8],[1,6,7,9],[1,6,8,9],[1,7,8,9],[2,3,4,8],[2,3,5,9],[2,3,8,9],[2,4,5,6],[2,4,6,9],[2,4,7,8],[2,4,7,9],[2,5,6,8],[2,5,7,8],[2,5,7,9],[2,6,8,9],[3,4,5,6],[3,4,5,7],[3,4,7,8],[3,5,7,9],[3,7,8,9],[4,6,7,9]]

5400_230=[[1,2,3,4],[1,2,3,5],[1,2,4,5],[1,3,4,6],[1,3,5,6],[1,4,5,7],[1,4,6,7],[1,5,6,8],[1,5,7,8],[1,6,7,9],[1,6,8,9],[1,7,8,9],[2,3,4,8],[2,3,5,9],[2,3,8,9],[2,4,5,8],[2,5,7,8],[2,5,7,9],[2,6,7,8],[2,6,7,9],[2,6,8,9],[3,4,5,6],[3,4,5,9],[3,4,7,8],[3,4,7,9],[3,7,8,9],[4,5,6,8],[4,5,7,9],[4,6,7,8]]

5400_231=[[1,2,3,4],[1,2,3,5],[1,2,4,5],[1,3,4,6],[1,3,5,6],[1,4,5,7],[1,4,6,7],[1,5,6,8],[1,5,7,8],[1,6,7,9],[1,6,8,9],[1,7,8,9],[2,3,4,8],[2,3,5,9],[2,3,8,9],[2,4,5,8],[2,5,7,8],[2,5,7,9],[2,6,7,8],[2,6,7,9],[2,6,8,9],[3,4,5,8],[3,4,5,9],[3,4,6,7],[3,4,7,9],[3,5,6,8],[3,6,7,8],[3,7,8,9],[4,5,7,9]]

5400_232=[[1,2,3,4],[1,2,3,5],[1,2,4,5],[1,3,4,6],[1,3,5,6],[1,4,5,7],[1,4,6,7],[1,5,6,8],[1,5,7,8],[1,6,7,9],[1,6,8,9],[1,7,8,9],[2,3,4,9],[2,3,5,7],[2,3,7,8],[2,3,8,9],[2,4,5,6],[2,4,6,9],[2,5,6,9],[2,5,7,9],[2,7,8,9],[3,4,5,6],[3,4,5,7],[3,4,7,8],[3,4,8,9],[4,6,7,8],[4,6,8,9],[5,6,7,8],[5,6,7,9]]

5400_233=[[1,2,3,4],[1,2,3,5],[1,2,4,5],[1,3,4,6],[1,3,5,6],[1,4,5,7],[1,4,6,7],[1,5,6,8],[1,5,7,8],[1,6,7,9],[1,6,8,9],[1,7,8,9],[2,3,4,9],[2,3,5,7],[2,3,7,8],[2,3,8,9],[2,4,5,9],[2,5,6,7],[2,5,6,9],[2,6,7,9],[2,7,8,9],[3,4,5,6],[3,4,5,7],[3,4,7,8],[3,4,8,9],[4,5,6,9],[4,6,7,8],[4,6,8,9],[5,6,7,8]]

5400_234=[[1,2,3,4],[1,2,3,5],[1,2,4,5],[1,3,4,6],[1,3,5,6],[1,4,5,7],[1,4,6,7],[1,5,6,8],[1,5,7,8],[1,6,7,9],[1,6,8,9],[1,7,8,9],[2,3,4,9],[2,3,5,9],[2,4,5,6],[2,4,6,8],[2,4,7,8],[2,4,7,9],[2,5,6,9],[2,6,8,9],[2,7,8,9],[3,4,5,6],[3,4,5,7],[3,4,7,9],[3,5,7,9],[4,6,7,8],[5,6,7,8],[5,6,7,9]]

5400_235=[[1,2,3,4],[1,2,3,5],[1,2,4,5],[1,3,4,6],[1,3,5,6],[1,4,5,7],[1,4,6,7],[1,5,6,8],[1,5,7,9],[1,5,8,9],[1,6,7,8],[1,7,8,9],[2,3,4,6],[2,3,5,7],[2,3,6,9],[2,3,7,8],[2,3,8,9],[2,4,5,9],[2,4,6,8],[2,4,8,9],[2,5,7,9],[2,6,7,8],[2,6,7,9],[3,5,6,7],[3,6,7,9],[3,7,8,9],[4,5,6,7],[4,5,6,8],[4,5,8,9]]

5400_236=[[1,2,3,4],[1,2,3,5],[1,2,4,5],[1,3,4,6],[1,3,5,6],[1,4,5,7],[1,4,6,7],[1,5,6,8],[1,5,7,9],[1,5,8,9],[1,6,7,8],[1,7,8,9],[2,3,4,6],[2,3,5,8],[2,3,6,9],[2,3,7,8],[2,3,7,9],[2,4,5,8],[2,4,6,9],[2,4,8,9],[2,7,8,9],[3,5,6,7],[3,5,7,9],[3,5,8,9],[3,6,7,8],[3,6,8,9],[4,5,6,7],[4,5,6,8],[4,6,8,9]]

5400_237=[[1,2,3,4],[1,2,3,5],[1,2,4,5],[1,3,4,6],[1,3,5,6],[1,4,5,7],[1,4,6,7],[1,5,6,8],[1,5,7,9],[1,5,8,9],[1,6,7,8],[1,7,8,9],[2,3,4,7],[2,3,5,6],[2,3,6,9],[2,3,7,8],[2,3,8,9],[2,4,5,6],[2,4,6,7],[2,6,7,9],[2,7,8,9],[3,4,6,8],[3,4,7,9],[3,4,8,9],[3,6,7,8],[3,6,7,9],[4,5,6,8],[4,5,7,9],[4,5,8,9]]

5400_238=[[1,2,3,4],[1,2,3,5],[1,2,4,5],[1,3,4,6],[1,3,5,6],[1,4,5,7],[1,4,6,7],[1,5,6,8],[1,5,7,9],[1,5,8,9],[1,6,7,8],[1,7,8,9],[2,3,4,7],[2,3,5,6],[2,3,6,9],[2,3,7,8],[2,3,8,9],[2,4,5,9],[2,4,7,9],[2,5,6,9],[2,7,8,9],[3,4,6,9],[3,4,7,8],[3,4,8,9],[4,5,7,8],[4,5,8,9],[4,6,7,9],[5,6,7,8],[5,6,7,9]]

5400_239=[[1,2,3,4],[1,2,3,5],[1,2,4,5],[1,3,4,6],[1,3,5,6],[1,4,5,7],[1,4,6,7],[1,5,6,8],[1,5,7,9],[1,5,8,9],[1,6,7,8],[1,7,8,9],[2,3,4,7],[2,3,5,8],[2,3,7,8],[2,4,5,8],[2,4,6,7],[2,4,6,9],[2,4,8,9],[2,6,7,9],[2,7,8,9],[3,4,6,9],[3,4,7,8],[3,4,8,9],[3,5,6,9],[3,5,8,9],[4,5,7,8],[5,6,7,8],[5,6,7,9]]

5400_240=[[1,2,3,4],[1,2,3,5],[1,2,4,5],[1,3,4,6],[1,3,5,6],[1,4,5,7],[1,4,6,7],[1,5,6,8],[1,5,7,9],[1,5,8,9],[1,6,7,8],[1,7,8,9],[2,3,4,7],[2,3,5,8],[2,3,7,9],[2,3,8,9],[2,4,5,6],[2,4,6,9],[2,4,7,8],[2,4,8,9],[2,5,6,8],[2,6,7,8],[2,6,7,9],[3,4,5,6],[3,4,5,7],[3,5,7,9],[3,5,8,9],[4,6,7,9],[4,7,8,9]]

5400_241=[[1,2,3,4],[1,2,3,5],[1,2,4,5],[1,3,4,6],[1,3,5,6],[1,4,5,7],[1,4,6,7],[1,5,6,8],[1,5,7,9],[1,5,8,9],[1,6,7,8],[1,7,8,9],[2,3,4,7],[2,3,5,9],[2,3,6,7],[2,3,6,9],[2,4,5,8],[2,4,6,7],[2,4,6,9],[2,4,8,9],[2,5,8,9],[3,4,6,9],[3,4,7,9],[3,5,6,8],[3,5,7,8],[3,5,7,9],[3,6,7,8],[4,5,7,8],[4,7,8,9]]

5400_242=[[1,2,3,4],[1,2,3,5],[1,2,4,5],[1,3,4,6],[1,3,5,6],[1,4,5,7],[1,4,6,7],[1,5,6,8],[1,5,7,9],[1,5,8,9],[1,6,7,8],[1,7,8,9],[2,3,4,7],[2,3,5,9],[2,3,7,8],[2,3,8,9],[2,4,5,9],[2,4,6,7],[2,4,6,9],[2,6,7,9],[2,7,8,9],[3,4,6,9],[3,4,7,8],[3,4,8,9],[3,5,6,9],[4,5,7,8],[4,5,8,9],[5,6,7,8],[5,6,7,9]]

5400_243=[[1,2,3,4],[1,2,3,5],[1,2,4,5],[1,3,4,6],[1,3,5,6],[1,4,5,7],[1,4,6,7],[1,5,6,8],[1,5,7,9],[1,5,8,9],[1,6,7,8],[1,7,8,9],[2,3,4,7],[2,3,5,9],[2,3,7,9],[2,4,5,8],[2,4,6,7],[2,4,6,9],[2,4,8,9],[2,5,8,9],[2,6,7,9],[3,4,6,9],[3,4,7,8],[3,4,8,9],[3,5,6,9],[3,7,8,9],[4,5,7,8],[5,6,7,8],[5,6,7,9]]

5400_244=[[1,2,3,4],[1,2,3,5],[1,2,4,5],[1,3,4,6],[1,3,5,6],[1,4,5,7],[1,4,6,7],[1,5,6,8],[1,5,7,9],[1,5,8,9],[1,6,7,8],[1,7,8,9],[2,3,4,7],[2,3,5,9],[2,3,7,9],[2,4,5,8],[2,4,7,9],[2,4,8,9],[2,5,8,9],[3,4,6,9],[3,4,7,8],[3,4,8,9],[3,5,6,9],[3,7,8,9],[4,5,7,8],[4,6,7,9],[5,6,7,8],[5,6,7,9]]

5400_245=[[1,2,3,4],[1,2,3,5],[1,2,4,5],[1,3,4,6],[1,3,5,6],[1,4,5,7],[1,4,6,7],[1,5,6,8],[1,5,7,9],[1,5,8,9],[1,6,7,8],[1,7,8,9],[2,3,4,8],[2,3,5,6],[2,3,6,7],[2,3,7,8],[2,4,5,6],[2,4,6,7],[2,4,7,8],[3,4,6,9],[3,4,8,9],[3,6,7,9],[3,7,8,9],[4,5,6,9],[4,5,7,8],[4,5,8,9],[5,6,7,8],[5,6,7,9]]

5400_246=[[1,2,3,4],[1,2,3,5],[1,2,4,5],[1,3,4,6],[1,3,5,6],[1,4,5,7],[1,4,6,7],[1,5,6,8],[1,5,7,9],[1,5,8,9],[1,6,7,8],[1,7,8,9],[2,3,4,8],[2,3,5,6],[2,3,6,7],[2,3,7,8],[2,4,5,9],[2,4,6,7],[2,4,6,9],[2,4,7,8],[2,5,6,9],[3,4,6,9],[3,4,8,9],[3,6,7,9],[3,7,8,9],[4,5,7,8],[4,5,8,9],[5,6,7,8],[5,6,7,9]]

5400_247=[[1,2,3,4],[1,2,3,5],[1,2,4,5],[1,3,4,6],[1,3,5,6],[1,4,5,7],[1,4,6,7],[1,5,6,8],[1,5,7,9],[1,5,8,9],[1,6,7,8],[1,7,8,9],[2,3,4,8],[2,3,5,6],[2,3,6,9],[2,3,7,8],[2,3,7,9],[2,4,5,6],[2,4,6,7],[2,4,7,8],[2,6,7,9],[3,4,6,9],[3,4,8,9],[3,7,8,9],[4,5,6,9],[4,5,7,8],[4,5,8,9],[5,6,7,8],[5,6,7,9]]

5400_248=[[1,2,3,4],[1,2,3,5],[1,2,4,5],[1,3,4,6],[1,3,5,6],[1,4,5,7],[1,4,6,7],[1,5,6,8],[1,5,7,9],[1,5,8,9],[1,6,7,8],[1,7,8,9],[2,3,4,8],[2,3,5,6],[2,3,6,9],[2,3,7,8],[2,3,7,9],[2,4,5,6],[2,4,6,7],[2,4,7,9],[2,4,8,9],[2,6,7,8],[2,6,8,9],[3,4,6,8],[3,6,8,9],[3,7,8,9],[4,5,6,8],[4,5,7,9],[4,5,8,9]]

5400_249=[[1,2,3,4],[1,2,3,5],[1,2,4,5],[1,3,4,6],[1,3,5,6],[1,4,5,7],[1,4,6,7],[1,5,6,8],[1,5,7,9],[1,5,8,9],[1,6,7,8],[1,7,8,9],[2,3,4,8],[2,3,5,6],[2,3,6,9],[2,3,7,8],[2,3,7,9],[2,4,5,8],[2,5,6,7],[2,5,7,9],[2,5,8,9],[2,6,7,8],[2,6,8,9],[3,4,6,9],[3,4,8,9],[3,7,8,9],[4,5,6,7],[4,5,6,8],[4,6,8,9]]

5400_250=[[1,2,3,4],[1,2,3,5],[1,2,4,5],[1,3,4,6],[1,3,5,6],[1,4,5,7],[1,4,6,7],[1,5,6,8],[1,5,7,9],[1,5,8,9],[1,6,7,8],[1,7,8,9],[2,3,4,8],[2,3,5,6],[2,3,6,9],[2,3,7,8],[2,3,7,9],[2,4,5,9],[2,4,6,7],[2,4,6,9],[2,4,7,8],[2,5,6,7],[2,5,7,9],[3,4,6,9],[3,4,8,9],[3,7,8,9],[4,5,7,8],[4,5,8,9],[5,6,7,8]]

5400_251=[[1,2,3,4],[1,2,3,5],[1,2,4,5],[1,3,4,6],[1,3,5,6],[1,4,5,7],[1,4,6,7],[1,5,6,8],[1,5,7,9],[1,5,8,9],[1,6,7,8],[1,7,8,9],[2,3,4,8],[2,3,5,6],[2,3,6,9],[2,3,7,8],[2,3,7,9],[2,4,5,9],[2,4,6,8],[2,4,6,9],[2,5,6,7],[2,5,7,9],[2,6,7,8],[3,4,6,9],[3,4,8,9],[3,7,8,9],[4,5,6,7],[4,5,6,8],[4,5,8,9]]

5400_252=[[1,2,3,4],[1,2,3,5],[1,2,4,5],[1,3,4,6],[1,3,5,6],[1,4,5,7],[1,4,6,7],[1,5,6,8],[1,5,7,9],[1,5,8,9],[1,6,7,8],[1,7,8,9],[2,3,4,8],[2,3,5,6],[2,3,6,9],[2,3,7,8],[2,3,7,9],[2,4,5,9],[2,4,8,9],[2,5,6,7],[2,5,7,9],[2,6,7,8],[2,6,8,9],[3,4,6,8],[3,6,8,9],[3,7,8,9],[4,5,6,7],[4,5,6,8],[4,5,8,9]]

5400_253=[[1,2,3,4],[1,2,3,5],[1,2,4,5],[1,3,4,6],[1,3,5,6],[1,4,5,7],[1,4,6,7],[1,5,6,8],[1,5,7,9],[1,5,8,9],[1,6,7,8],[1,7,8,9],[2,3,4,8],[2,3,5,7],[2,3,6,8],[2,3,6,9],[2,3,7,9],[2,4,5,8],[2,5,7,9],[2,5,8,9],[2,6,8,9],[3,4,6,9],[3,4,8,9],[3,5,6,7],[3,6,7,8],[3,7,8,9],[4,5,6,7],[4,5,6,8],[4,6,8,9]]

5400_254=[[1,2,3,4],[1,2,3,5],[1,2,4,5],[1,3,4,6],[1,3,5,6],[1,4,5,7],[1,4,6,7],[1,5,6,8],[1,5,7,9],[1,5,8,9],[1,6,7,8],[1,7,8,9],[2,3,4,8],[2,3,5,7],[2,3,6,8],[2,3,6,9],[2,3,7,9],[2,4,5,9],[2,4,6,8],[2,4,6,9],[2,5,7,9],[3,4,6,9],[3,4,8,9],[3,5,6,7],[3,6,7,8],[3,7,8,9],[4,5,6,7],[4,5,6,8],[4,5,8,9]]

5400_255=[[1,2,3,4],[1,2,3,5],[1,2,4,5],[1,3,4,6],[1,3,5,6],[1,4,5,7],[1,4,6,7],[1,5,6,8],[1,5,7,9],[1,5,8,9],[1,6,7,8],[1,7,8,9],[2,3,4,8],[2,3,5,7],[2,3,7,8],[2,4,5,9],[2,4,6,8],[2,4,6,9],[2,5,7,9],[2,6,7,8],[2,6,7,9],[3,4,6,9],[3,4,8,9],[3,5,6,7],[3,6,7,9],[3,7,8,9],[4,5,6,7],[4,5,6,8],[4,5,8,9]]

5400_256=[[1,2,3,4],[1,2,3,5],[1,2,4,5],[1,3,4,6],[1,3,5,6],[1,4,5,7],[1,4,6,7],[1,5,6,8],[1,5,7,9],[1,5,8,9],[1,6,7,8],[1,7,8,9],[2,3,4,8],[2,3,5,7],[2,3,7,9],[2,3,8,9],[2,4,5,6],[2,4,6,8],[2,5,6,7],[2,6,7,8],[2,7,8,9],[3,4,5,6],[3,4,5,7],[3,4,7,9],[3,4,8,9],[4,6,7,9],[4,6,8,9],[5,6,7,9],[5,6,8,9]]

5400_257=[[1,2,3,4],[1,2,3,5],[1,2,4,5],[1,3,4,6],[1,3,5,6],[1,4,5,7],[1,4,6,7],[1,5,6,8],[1,5,7,9],[1,5,8,9],[1,6,7,8],[1,7,8,9],[2,3,4,8],[2,3,5,9],[2,3,6,7],[2,3,6,9],[2,3,7,8],[2,4,5,8],[2,5,8,9],[2,6,7,8],[2,6,8,9],[3,4,6,9],[3,4,8,9],[3,5,6,7],[3,5,7,9],[3,7,8,9],[4,5,6,7],[4,5,6,8],[4,6,8,9]]

5400_258=[[1,2,3,4],[1,2,3,5],[1,2,4,5],[1,3,4,6],[1,3,5,6],[1,4,5,7],[1,4,6,7],[1,5,6,8],[1,5,7,9],[1,5,8,9],[1,6,7,8],[1,7,8,9],[2,3,4,8],[2,3,5,9],[2,3,7,8],[2,3,7,9],[2,4,5,6],[2,4,6,7],[2,4,7,9],[2,4,8,9],[2,5,6,8],[2,5,8,9],[2,6,7,8],[3,4,6,9],[3,4,8,9],[3,5,6,9],[3,7,8,9],[4,5,6,9],[4,5,7,9]]

5400_259=[[1,2,3,4],[1,2,3,5],[1,2,4,5],[1,3,4,6],[1,3,5,6],[1,4,5,7],[1,4,6,7],[1,5,6,8],[1,5,7,9],[1,5,8,9],[1,6,7,8],[1,7,8,9],[2,3,4,9],[2,3,5,8],[2,3,6,7],[2,3,6,8],[2,3,7,9],[2,4,5,8],[2,4,8,9],[2,6,7,8],[2,7,8,9],[3,4,6,8],[3,4,8,9],[3,5,6,9],[3,5,8,9],[3,6,7,9],[4,5,6,7],[4,5,6,8],[5,6,7,9]]

5400_260=[[1,2,3,4],[1,2,3,5],[1,2,4,5],[1,3,4,6],[1,3,5,6],[1,4,5,7],[1,4,6,7],[1,5,6,8],[1,5,7,9],[1,5,8,9],[1,6,7,8],[1,7,8,9],[2,3,4,9],[2,3,5,8],[2,3,6,7],[2,3,6,8],[2,3,7,9],[2,4,5,8],[2,4,8,9],[2,6,7,8],[2,7,8,9],[3,4,6,9],[3,5,6,7],[3,5,7,9],[3,5,8,9],[3,6,8,9],[4,5,6,7],[4,5,6,8],[4,6,8,9]]

5400_261=[[1,2,3,4],[1,2,3,5],[1,2,4,5],[1,3,4,6],[1,3,5,6],[1,4,5,7],[1,4,6,7],[1,5,6,8],[1,5,7,9],[1,5,8,9],[1,6,7,9],[1,6,8,9],[2,3,4,7],[2,3,5,8],[2,3,7,9],[2,3,8,9],[2,4,5,6],[2,4,6,9],[2,4,7,8],[2,4,8,9],[2,5,6,8],[2,6,7,8],[2,6,7,9],[3,4,5,6],[3,4,5,7],[3,5,7,9],[3,5,8,9],[4,6,7,8],[4,6,8,9]]

5400_262=[[1,2,3,4],[1,2,3,5],[1,2,4,5],[1,3,4,6],[1,3,5,6],[1,4,5,7],[1,4,6,7],[1,5,6,8],[1,5,7,9],[1,5,8,9],[1,6,7,9],[1,6,8,9],[2,3,4,8],[2,3,5,7],[2,3,7,9],[2,3,8,9],[2,4,5,6],[2,4,6,7],[2,4,7,8],[2,5,6,8],[2,5,7,8],[2,6,7,9],[2,6,8,9],[3,4,5,6],[3,4,5,7],[3,4,7,9],[3,4,8,9],[4,7,8,9],[5,7,8,9]]

5400_263=[[1,2,3,4],[1,2,3,5],[1,2,4,5],[1,3,4,6],[1,3,5,6],[1,4,5,7],[1,4,6,7],[1,5,6,8],[1,5,7,9],[1,5,8,9],[1,6,7,9],[1,6,8,9],[2,3,4,8],[2,3,5,7],[2,3,7,9],[2,3,8,9],[2,4,5,9],[2,4,6,8],[2,4,6,9],[2,5,7,9],[2,6,8,9],[3,4,6,9],[3,4,8,9],[3,5,6,7],[3,6,7,9],[4,5,7,8],[4,5,8,9],[4,6,7,8],[5,6,7,8]]

5400_264=[[1,2,3,4],[1,2,3,5],[1,2,4,5],[1,3,4,6],[1,3,5,6],[1,4,5,7],[1,4,6,7],[1,5,6,8],[1,5,7,9],[1,5,8,9],[1,6,7,9],[1,6,8,9],[2,3,4,9],[2,3,5,7],[2,3,7,8],[2,3,8,9],[2,4,5,6],[2,4,6,9],[2,5,6,8],[2,5,7,9],[2,5,8,9],[2,6,7,8],[2,6,7,9],[3,4,5,6],[3,4,5,7],[3,4,7,8],[3,4,8,9],[4,6,7,8],[4,6,8,9]]

5400_265=[[1,2,3,4],[1,2,3,5],[1,2,4,5],[1,3,4,6],[1,3,5,6],[1,4,5,7],[1,4,6,7],[1,5,6,8],[1,5,7,9],[1,5,8,9],[1,6,7,9],[1,6,8,9],[2,3,4,9],[2,3,5,7],[2,3,7,9],[2,4,5,8],[2,4,8,9],[2,5,7,8],[2,6,7,8],[2,6,7,9],[2,6,8,9],[3,4,5,7],[3,4,5,8],[3,4,6,8],[3,4,7,9],[3,5,6,8],[4,6,7,8],[4,7,8,9],[5,7,8,9]]

5400_266=[[1,2,3,4],[1,2,3,5],[1,2,4,5],[1,3,4,6],[1,3,5,6],[1,4,5,7],[1,4,6,7],[1,5,6,8],[1,5,7,9],[1,5,8,9],[1,6,7,9],[1,6,8,9],[2,3,4,9],[2,3,5,7],[2,3,7,9],[2,4,5,8],[2,4,8,9],[2,5,7,8],[2,6,7,8],[2,6,7,9],[2,6,8,9],[3,4,6,8],[3,4,8,9],[3,5,6,7],[3,6,7,8],[3,7,8,9],[4,5,6,7],[4,5,6,8],[5,7,8,9]]

5400_267=[[1,2,3,4],[1,2,3,5],[1,2,4,5],[1,3,4,6],[1,3,5,6],[1,4,5,7],[1,4,6,7],[1,5,6,8],[1,5,7,9],[1,5,8,9],[1,6,7,9],[1,6,8,9],[2,3,4,9],[2,3,5,8],[2,3,6,8],[2,3,6,9],[2,4,5,7],[2,4,7,8],[2,4,8,9],[2,5,7,8],[2,6,8,9],[3,4,6,8],[3,4,8,9],[3,5,6,7],[3,5,7,9],[3,5,8,9],[3,6,7,9],[4,6,7,8],[5,6,7,8]]

5400_268=[[1,2,3,4],[1,2,3,5],[1,2,4,5],[1,3,4,6],[1,3,5,6],[1,4,5,7],[1,4,6,7],[1,5,6,8],[1,5,7,9],[1,5,8,9],[1,6,7,9],[1,6,8,9],[2,3,4,9],[2,3,5,8],[2,3,7,8],[2,3,7,9],[2,4,5,6],[2,4,6,7],[2,4,7,8],[2,4,8,9],[2,5,6,8],[2,6,7,9],[2,6,8,9],[3,4,5,6],[3,4,5,7],[3,4,7,9],[3,5,7,8],[4,7,8,9],[5,7,8,9]]

5400_269=[[1,2,3,4],[1,2,3,5],[1,2,4,5],[1,3,4,6],[1,3,5,6],[1,4,5,7],[1,4,6,7],[1,5,6,8],[1,5,7,9],[1,5,8,9],[1,6,7,9],[1,6,8,9],[2,3,4,9],[2,3,5,8],[2,3,7,8],[2,3,7,9],[2,4,5,6],[2,4,6,7],[2,4,7,9],[2,5,6,8],[2,6,7,8],[3,4,5,6],[3,4,5,7],[3,4,7,8],[3,4,8,9],[3,5,7,9],[3,5,8,9],[4,7,8,9],[6,7,8,9]]

5400_270=[[1,2,3,4],[1,2,3,5],[1,2,4,5],[1,3,4,6],[1,3,5,6],[1,4,5,7],[1,4,6,7],[1,5,6,8],[1,5,7,9],[1,5,8,9],[1,6,7,9],[1,6,8,9],[2,3,4,9],[2,3,5,8],[2,3,7,8],[2,3,7,9],[2,4,5,6],[2,4,6,9],[2,5,6,8],[2,6,7,8],[2,6,7,9],[3,4,5,6],[3,4,5,7],[3,4,7,8],[3,4,8,9],[3,5,7,9],[3,5,8,9],[4,6,7,8],[4,6,8,9]]

5400_271=[[1,2,3,4],[1,2,3,5],[1,2,4,5],[1,3,4,6],[1,3,5,6],[1,4,5,7],[1,4,6,7],[1,5,6,8],[1,5,7,9],[1,5,8,9],[1,6,7,9],[1,6,8,9],[2,3,4,9],[2,3,5,8],[2,3,8,9],[2,4,5,6],[2,4,6,9],[2,5,6,8],[2,6,7,8],[2,6,7,9],[2,7,8,9],[3,4,5,6],[3,4,5,7],[3,4,7,9],[3,5,7,9],[3,5,8,9],[4,6,7,8],[4,6,8,9],[4,7,8,9]]

5400_272=[[1,2,3,4],[1,2,3,5],[1,2,4,5],[1,3,4,6],[1,3,5,6],[1,4,5,7],[1,4,6,8],[1,4,7,8],[1,5,6,9],[1,5,7,9],[1,6,7,8],[1,6,7,9],[2,3,4,8],[2,3,5,9],[2,3,7,8],[2,3,7,9],[2,4,5,6],[2,4,6,9],[2,4,8,9],[2,5,6,8],[2,5,8,9],[2,6,7,8],[2,6,7,9],[3,4,5,6],[3,4,5,7],[3,4,7,8],[3,5,7,9],[4,6,8,9],[5,6,8,9]]

5400_273=[[1,2,3,4],[1,2,3,5],[1,2,4,5],[1,3,4,6],[1,3,5,6],[1,4,5,7],[1,4,6,8],[1,4,7,8],[1,5,6,9],[1,5,7,9],[1,6,7,8],[1,6,7,9],[2,3,4,9],[2,3,5,8],[2,3,7,8],[2,3,7,9],[2,4,5,6],[2,4,6,9],[2,5,6,8],[2,6,7,8],[2,6,7,9],[3,4,5,6],[3,4,5,7],[3,4,7,8],[3,4,8,9],[3,5,7,9],[3,5,8,9],[4,6,8,9],[5,6,8,9]]

5400_274=[[1,2,3,4],[1,2,3,5],[1,2,4,5],[1,3,4,6],[1,3,5,6],[1,4,5,7],[1,4,6,8],[1,4,7,8],[1,5,6,9],[1,5,7,9],[1,6,8,9],[1,7,8,9],[2,3,4,7],[2,3,5,8],[2,3,7,9],[2,3,8,9],[2,4,5,6],[2,4,6,8],[2,4,7,8],[2,5,6,9],[2,5,7,8],[2,5,7,9],[2,6,8,9],[3,4,6,7],[3,5,6,7],[3,5,7,8],[3,7,8,9],[4,5,6,7]]

5400_275=[[1,2,3,4],[1,2,3,5],[1,2,4,5],[1,3,4,6],[1,3,5,6],[1,4,5,7],[1,4,6,8],[1,4,7,8],[1,5,6,9],[1,5,7,9],[1,6,8,9],[1,7,8,9],[2,3,4,9],[2,3,5,8],[2,3,8,9],[2,4,5,6],[2,4,6,8],[2,4,7,8],[2,4,7,9],[2,5,6,9],[2,5,7,8],[2,5,7,9],[2,6,8,9],[3,4,6,7],[3,4,7,9],[3,5,6,7],[3,5,7,8],[3,7,8,9],[4,5,6,7]]

5400_276=[[1,2,3,4],[1,2,3,5],[1,2,4,5],[1,3,4,6],[1,3,5,6],[1,4,5,7],[1,4,6,8],[1,4,7,9],[1,4,8,9],[1,5,6,9],[1,5,7,8],[1,5,8,9],[1,6,7,8],[1,6,7,9],[2,3,4,8],[2,3,5,9],[2,3,7,8],[2,3,7,9],[2,4,5,6],[2,4,6,8],[2,5,6,9],[2,6,7,8],[2,6,7,9],[3,4,5,6],[3,4,5,7],[3,4,7,9],[3,4,8,9],[3,5,7,8],[3,5,8,9]]

5400_277=[[1,2,3,4],[1,2,3,5],[1,2,4,6],[1,2,5,6],[1,3,4,7],[1,3,5,7],[1,4,5,8],[1,4,5,9],[1,4,6,8],[1,4,7,9],[1,5,6,9],[1,5,7,8],[1,6,8,9],[1,7,8,9],[2,3,4,8],[2,3,5,9],[2,3,8,9],[2,4,5,8],[2,4,5,9],[2,4,6,7],[2,4,7,9],[2,5,6,7],[2,5,7,8],[2,7,8,9],[3,4,6,7],[3,4,6,8],[3,5,6,7],[3,5,6,9],[3,6,8,9]]
