
7002_1=[[1,2,3,4],[1,2,3,5],[1,2,4,5],[1,3,4,6],[1,3,5,6],[1,4,5,6],[2,3,4,7],[2,3,5,7],[2,4,5,8],[2,4,6,7],[2,4,6,8],[2,5,6,7],[2,5,6,8],[3,4,5,7],[3,4,5,9],[3,4,6,8],[3,4,8,9],[3,5,6,8],[3,5,8,9],[4,5,6,9],[4,5,7,8],[4,6,7,9],[4,7,8,9],[5,6,7,9],[5,7,8,9]]

7002_2=[[1,2,3,4],[1,2,3,5],[1,2,4,5],[1,3,4,6],[1,3,5,6],[1,4,5,6],[2,3,4,7],[2,3,5,7],[2,4,5,8],[2,4,6,7],[2,4,6,8],[2,5,6,7],[2,5,6,8],[3,4,5,8],[3,4,5,9],[3,4,6,9],[3,4,7,8],[3,5,6,9],[3,5,7,8],[4,5,6,7],[4,5,7,9],[4,6,8,9],[4,7,8,9],[5,6,8,9],[5,7,8,9]]

7002_3=[[1,2,3,4],[1,2,3,5],[1,2,4,5],[1,3,4,6],[1,3,5,6],[1,4,5,6],[2,3,4,7],[2,3,5,7],[2,4,5,8],[2,4,6,7],[2,4,6,8],[2,5,6,7],[2,5,6,9],[2,5,8,9],[2,6,8,9],[3,4,5,8],[3,4,5,9],[3,4,6,9],[3,4,7,8],[3,5,6,9],[3,5,7,8],[4,5,6,7],[4,5,7,9],[4,6,8,9],[4,7,8,9],[5,7,8,9]]

7002_4=[[1,2,3,4],[1,2,3,5],[1,2,4,5],[1,3,4,6],[1,3,5,6],[1,4,5,6],[2,3,4,7],[2,3,5,7],[2,4,5,8],[2,4,6,7],[2,4,6,9],[2,4,8,9],[2,5,6,7],[2,5,6,9],[2,5,8,9],[3,4,5,7],[3,4,5,8],[3,4,6,8],[3,5,6,8],[4,5,6,9],[4,5,7,9],[4,6,7,8],[4,7,8,9],[5,6,7,8],[5,7,8,9]]

7002_5=[[1,2,3,4],[1,2,3,5],[1,2,4,5],[1,3,4,6],[1,3,5,6],[1,4,5,6],[2,3,4,7],[2,3,5,7],[2,4,5,8],[2,4,6,7],[2,4,6,9],[2,4,8,9],[2,5,6,7],[2,5,6,9],[2,5,8,9],[3,4,5,8],[3,4,5,9],[3,4,6,8],[3,4,7,9],[3,5,6,8],[3,5,7,9],[4,5,6,9],[4,6,7,8],[4,7,8,9],[5,6,7,8],[5,7,8,9]]

7002_6=[[1,2,3,4],[1,2,3,5],[1,2,4,5],[1,3,4,6],[1,3,5,6],[1,4,5,7],[1,4,6,7],[1,5,6,7],[2,3,4,6],[2,3,5,7],[2,3,6,7],[2,4,5,6],[2,5,6,8],[2,5,7,9],[2,5,8,9],[2,6,7,9],[2,6,8,9],[3,5,6,8],[3,5,7,8],[3,6,7,8],[4,5,6,9],[4,5,7,8],[4,5,8,9],[4,6,7,8],[4,6,8,9],[5,6,7,9]]

7002_7=[[1,2,3,4],[1,2,3,5],[1,2,4,5],[1,3,4,6],[1,3,5,6],[1,4,5,7],[1,4,6,7],[1,5,6,7],[2,3,4,6],[2,3,5,7],[2,3,6,7],[2,4,5,6],[2,5,6,8],[2,5,7,9],[2,5,8,9],[2,6,7,9],[2,6,8,9],[3,5,6,9],[3,5,7,8],[3,5,8,9],[3,6,7,8],[3,6,8,9],[4,5,6,9],[4,5,7,9],[4,6,7,9],[5,6,7,8]]

7002_8=[[1,2,3,4],[1,2,3,5],[1,2,4,5],[1,3,4,6],[1,3,5,6],[1,4,5,7],[1,4,6,7],[1,5,6,7],[2,3,4,6],[2,3,5,7],[2,3,6,7],[2,4,5,8],[2,4,6,8],[2,5,6,7],[2,5,6,9],[2,5,8,9],[2,6,8,9],[3,5,6,8],[3,5,7,8],[3,6,7,8],[4,5,6,8],[4,5,6,9],[4,5,7,9],[4,6,7,9],[5,7,8,9],[6,7,8,9]]

7002_9=[[1,2,3,4],[1,2,3,5],[1,2,4,5],[1,3,4,6],[1,3,5,6],[1,4,5,7],[1,4,6,7],[1,5,6,7],[2,3,4,6],[2,3,5,7],[2,3,6,7],[2,4,5,8],[2,4,6,8],[2,5,6,7],[2,5,6,9],[2,5,8,9],[2,6,8,9],[3,5,6,8],[3,5,7,8],[3,6,7,9],[3,6,8,9],[3,7,8,9],[4,5,6,8],[4,5,6,9],[4,5,7,9],[4,6,7,9],[5,7,8,9]]

7002_10=[[1,2,3,4],[1,2,3,5],[1,2,4,5],[1,3,4,6],[1,3,5,6],[1,4,5,7],[1,4,6,7],[1,5,6,7],[2,3,4,6],[2,3,5,7],[2,3,6,7],[2,4,5,8],[2,4,6,8],[2,5,6,7],[2,5,6,9],[2,5,8,9],[2,6,8,9],[3,5,6,8],[3,5,7,9],[3,5,8,9],[3,6,7,8],[3,7,8,9],[4,5,6,8],[4,5,6,9],[4,5,7,9],[4,6,7,9],[6,7,8,9]]

7002_11=[[1,2,3,4],[1,2,3,5],[1,2,4,5],[1,3,4,6],[1,3,5,6],[1,4,5,7],[1,4,6,7],[1,5,6,7],[2,3,4,6],[2,3,5,7],[2,3,6,7],[2,4,5,8],[2,4,6,8],[2,5,6,7],[2,5,6,9],[2,5,8,9],[2,6,8,9],[3,5,6,8],[3,5,7,9],[3,5,8,9],[3,6,7,9],[3,6,8,9],[4,5,6,8],[4,5,6,9],[4,5,7,9],[4,6,7,9]]

7002_12=[[1,2,3,4],[1,2,3,5],[1,2,4,5],[1,3,4,6],[1,3,5,6],[1,4,5,7],[1,4,6,7],[1,5,6,7],[2,3,4,6],[2,3,5,7],[2,3,6,7],[2,4,5,8],[2,4,6,8],[2,5,7,9],[2,5,8,9],[2,6,7,9],[2,6,8,9],[3,5,6,9],[3,5,7,8],[3,5,8,9],[3,6,7,8],[3,6,8,9],[4,5,6,8],[4,5,6,9],[4,5,7,9],[4,6,7,9],[5,6,7,8]]

7002_13=[[1,2,3,4],[1,2,3,5],[1,2,4,5],[1,3,4,6],[1,3,5,6],[1,4,5,7],[1,4,6,7],[1,5,6,7],[2,3,4,6],[2,3,5,7],[2,3,6,8],[2,3,7,8],[2,4,5,6],[2,5,6,9],[2,5,7,8],[2,5,8,9],[2,6,8,9],[3,5,6,9],[3,5,7,9],[3,6,7,8],[3,6,7,9],[4,5,6,8],[4,5,7,9],[4,5,8,9],[4,6,7,9],[4,6,8,9],[5,6,7,8]]

7002_14=[[1,2,3,4],[1,2,3,5],[1,2,4,5],[1,3,4,6],[1,3,5,6],[1,4,5,7],[1,4,6,7],[1,5,6,7],[2,3,4,6],[2,3,5,8],[2,3,6,7],[2,3,7,8],[2,4,5,6],[2,5,6,9],[2,5,8,9],[2,6,7,8],[2,6,8,9],[3,5,6,9],[3,5,7,8],[3,5,7,9],[3,6,7,9],[4,5,6,8],[4,5,7,9],[4,5,8,9],[4,6,7,9],[4,6,8,9],[5,6,7,8]]

7002_15=[[1,2,3,4],[1,2,3,5],[1,2,4,5],[1,3,4,6],[1,3,5,6],[1,4,5,7],[1,4,6,7],[1,5,6,7],[2,3,4,6],[2,3,5,8],[2,3,6,8],[2,4,5,6],[2,5,6,7],[2,5,7,9],[2,5,8,9],[2,6,7,9],[2,6,8,9],[3,5,6,9],[3,5,7,8],[3,5,7,9],[3,6,7,8],[3,6,7,9],[4,5,6,8],[4,5,7,8],[4,6,7,8],[5,6,8,9]]

7002_16=[[1,2,3,4],[1,2,3,5],[1,2,4,5],[1,3,4,6],[1,3,5,6],[1,4,5,7],[1,4,6,7],[1,5,6,7],[2,3,4,6],[2,3,5,8],[2,3,6,8],[2,4,5,6],[2,5,6,7],[2,5,7,9],[2,5,8,9],[2,6,7,9],[2,6,8,9],[3,5,6,9],[3,5,7,8],[3,5,7,9],[3,6,7,8],[3,6,7,9],[4,5,6,9],[4,5,7,8],[4,5,8,9],[4,6,7,8],[4,6,8,9]]

7002_17=[[1,2,3,4],[1,2,3,5],[1,2,4,5],[1,3,4,6],[1,3,5,6],[1,4,5,7],[1,4,6,7],[1,5,6,7],[2,3,4,6],[2,3,5,8],[2,3,6,8],[2,4,5,6],[2,5,6,9],[2,5,8,9],[2,6,8,9],[3,5,6,9],[3,5,7,8],[3,5,7,9],[3,6,7,8],[3,6,7,9],[4,5,6,8],[4,5,7,9],[4,5,8,9],[4,6,7,9],[4,6,8,9],[5,6,7,8]]

7002_18=[[1,2,3,4],[1,2,3,5],[1,2,4,5],[1,3,4,6],[1,3,5,6],[1,4,5,7],[1,4,6,7],[1,5,6,7],[2,3,4,7],[2,3,5,7],[2,4,5,6],[2,4,6,7],[2,5,6,7],[3,4,5,8],[3,4,5,9],[3,4,6,8],[3,4,7,9],[3,5,6,8],[3,5,7,9],[4,5,6,9],[4,5,7,8],[4,6,8,9],[4,7,8,9],[5,6,8,9],[5,7,8,9]]

7002_19=[[1,2,3,4],[1,2,3,5],[1,2,4,5],[1,3,4,6],[1,3,5,6],[1,4,5,7],[1,4,6,7],[1,5,6,7],[2,3,4,7],[2,3,5,7],[2,4,5,6],[2,4,6,8],[2,4,7,8],[2,5,6,8],[2,5,7,8],[3,4,5,6],[3,4,5,8],[3,4,7,9],[3,4,8,9],[3,5,7,9],[3,5,8,9],[4,5,7,8],[4,6,7,9],[4,6,8,9],[5,6,7,9],[5,6,8,9]]

7002_20=[[1,2,3,4],[1,2,3,5],[1,2,4,5],[1,3,4,6],[1,3,5,6],[1,4,5,7],[1,4,6,7],[1,5,6,7],[2,3,4,7],[2,3,5,7],[2,4,5,6],[2,4,6,8],[2,4,7,8],[2,5,6,8],[2,5,7,8],[3,4,5,6],[3,4,5,9],[3,4,7,9],[3,5,7,9],[4,5,7,8],[4,5,8,9],[4,6,7,9],[4,6,8,9],[5,6,7,9],[5,6,8,9]]

7002_21=[[1,2,3,4],[1,2,3,5],[1,2,4,5],[1,3,4,6],[1,3,5,6],[1,4,5,7],[1,4,6,7],[1,5,6,7],[2,3,4,7],[2,3,5,7],[2,4,5,6],[2,4,6,8],[2,4,7,8],[2,5,6,8],[2,5,7,8],[3,4,5,7],[3,4,5,9],[3,4,6,8],[3,4,8,9],[3,5,6,8],[3,5,8,9],[4,5,6,9],[4,6,7,9],[4,7,8,9],[5,6,7,9],[5,7,8,9]]

7002_22=[[1,2,3,4],[1,2,3,5],[1,2,4,5],[1,3,4,6],[1,3,5,6],[1,4,5,7],[1,4,6,7],[1,5,6,7],[2,3,4,7],[2,3,5,7],[2,4,5,6],[2,4,6,8],[2,4,7,8],[2,5,6,8],[2,5,7,9],[2,5,8,9],[2,7,8,9],[3,4,5,7],[3,4,5,9],[3,4,6,8],[3,4,8,9],[3,5,6,8],[3,5,8,9],[4,5,6,9],[4,6,7,9],[4,7,8,9],[5,6,7,9]]

7002_23=[[1,2,3,4],[1,2,3,5],[1,2,4,5],[1,3,4,6],[1,3,5,6],[1,4,5,7],[1,4,6,7],[1,5,6,7],[2,3,4,7],[2,3,5,7],[2,4,5,6],[2,4,6,8],[2,4,7,8],[2,5,6,9],[2,5,7,8],[2,5,8,9],[2,6,8,9],[3,4,5,6],[3,4,5,8],[3,4,7,9],[3,4,8,9],[3,5,7,9],[3,5,8,9],[4,5,7,8],[4,6,7,9],[4,6,8,9],[5,6,7,9]]

7002_24=[[1,2,3,4],[1,2,3,5],[1,2,4,5],[1,3,4,6],[1,3,5,6],[1,4,5,7],[1,4,6,7],[1,5,6,7],[2,3,4,7],[2,3,5,7],[2,4,5,6],[2,4,6,8],[2,4,7,9],[2,4,8,9],[2,5,6,8],[2,5,7,9],[2,5,8,9],[3,4,5,6],[3,4,5,9],[3,4,7,8],[3,4,8,9],[3,5,7,8],[3,5,8,9],[4,5,7,9],[4,6,7,8],[5,6,7,8]]

7002_25=[[1,2,3,4],[1,2,3,5],[1,2,4,5],[1,3,4,6],[1,3,5,6],[1,4,5,7],[1,4,6,7],[1,5,6,7],[2,3,4,7],[2,3,5,7],[2,4,5,6],[2,4,6,8],[2,4,7,9],[2,4,8,9],[2,5,6,8],[2,5,7,9],[2,5,8,9],[3,4,5,7],[3,4,5,8],[3,4,6,8],[3,5,6,8],[4,5,6,9],[4,5,8,9],[4,6,7,9],[5,6,7,9]]

7002_26=[[1,2,3,4],[1,2,3,5],[1,2,4,5],[1,3,4,6],[1,3,5,6],[1,4,5,7],[1,4,6,7],[1,5,6,7],[2,3,4,7],[2,3,5,7],[2,4,5,6],[2,4,6,8],[2,4,7,9],[2,4,8,9],[2,5,6,8],[2,5,7,9],[2,5,8,9],[3,4,5,7],[3,4,5,9],[3,4,6,8],[3,4,8,9],[3,5,6,8],[3,5,8,9],[4,5,6,9],[4,6,7,9],[5,6,7,9]]

7002_27=[[1,2,3,4],[1,2,3,5],[1,2,4,5],[1,3,4,6],[1,3,5,6],[1,4,5,7],[1,4,6,7],[1,5,6,7],[2,3,4,7],[2,3,5,7],[2,4,5,6],[2,4,6,8],[2,4,7,9],[2,4,8,9],[2,5,6,8],[2,5,7,9],[2,5,8,9],[3,4,6,9],[3,4,7,8],[3,4,8,9],[3,5,6,9],[3,5,7,8],[3,5,8,9],[4,5,6,9],[4,5,7,9],[4,6,7,8],[5,6,7,8]]

7002_28=[[1,2,3,4],[1,2,3,5],[1,2,4,5],[1,3,4,6],[1,3,5,6],[1,4,5,7],[1,4,6,7],[1,5,6,7],[2,3,4,7],[2,3,5,7],[2,4,5,8],[2,4,6,7],[2,4,6,8],[2,5,6,7],[2,5,6,8],[3,4,5,6],[3,4,5,8],[3,4,7,9],[3,4,8,9],[3,5,7,9],[3,5,8,9],[4,5,6,9],[4,5,7,9],[4,6,8,9],[5,6,8,9]]

7002_29=[[1,2,3,4],[1,2,3,5],[1,2,4,5],[1,3,4,6],[1,3,5,6],[1,4,5,7],[1,4,6,7],[1,5,6,7],[2,3,4,7],[2,3,5,7],[2,4,5,8],[2,4,6,7],[2,4,6,8],[2,5,6,7],[2,5,6,8],[3,4,5,8],[3,4,5,9],[3,4,6,9],[3,4,7,8],[3,5,6,9],[3,5,7,8],[4,5,7,9],[4,6,8,9],[4,7,8,9],[5,6,8,9],[5,7,8,9]]

7002_30=[[1,2,3,4],[1,2,3,5],[1,2,4,5],[1,3,4,6],[1,3,5,6],[1,4,5,7],[1,4,6,7],[1,5,6,7],[2,3,4,7],[2,3,5,7],[2,4,5,8],[2,4,6,7],[2,4,6,8],[2,5,6,7],[2,5,6,9],[2,5,8,9],[2,6,8,9],[3,4,5,6],[3,4,5,8],[3,4,7,8],[3,5,7,9],[3,5,8,9],[3,7,8,9],[4,5,6,9],[4,5,7,9],[4,6,8,9],[4,7,8,9]]

7002_31=[[1,2,3,4],[1,2,3,5],[1,2,4,5],[1,3,4,6],[1,3,5,6],[1,4,5,7],[1,4,6,7],[1,5,6,7],[2,3,4,7],[2,3,5,7],[2,4,5,8],[2,4,6,7],[2,4,6,8],[2,5,6,7],[2,5,6,9],[2,5,8,9],[2,6,8,9],[3,4,5,6],[3,4,5,8],[3,4,7,9],[3,4,8,9],[3,5,7,8],[3,7,8,9],[4,5,6,9],[4,5,7,9],[4,6,8,9],[5,7,8,9]]

7002_32=[[1,2,3,4],[1,2,3,5],[1,2,4,5],[1,3,4,6],[1,3,5,6],[1,4,5,7],[1,4,6,7],[1,5,6,7],[2,3,4,7],[2,3,5,7],[2,4,5,8],[2,4,6,7],[2,4,6,8],[2,5,6,7],[2,5,6,9],[2,5,8,9],[2,6,8,9],[3,4,5,8],[3,4,5,9],[3,4,6,9],[3,4,7,8],[3,5,6,9],[3,5,7,8],[4,5,7,9],[4,6,8,9],[4,7,8,9],[5,7,8,9]]

7002_33=[[1,2,3,4],[1,2,3,5],[1,2,4,5],[1,3,4,6],[1,3,5,6],[1,4,5,7],[1,4,6,7],[1,5,6,7],[2,3,4,7],[2,3,5,7],[2,4,5,8],[2,4,6,7],[2,4,6,8],[2,5,7,8],[2,6,7,8],[3,4,5,6],[3,4,5,8],[3,4,7,9],[3,4,8,9],[3,5,7,9],[3,5,8,9],[4,5,6,9],[4,5,7,9],[4,6,8,9],[5,6,7,8],[5,6,8,9]]

7002_34=[[1,2,3,4],[1,2,3,5],[1,2,4,5],[1,3,4,6],[1,3,5,6],[1,4,5,7],[1,4,6,7],[1,5,6,7],[2,3,4,7],[2,3,5,7],[2,4,5,8],[2,4,6,7],[2,4,6,9],[2,4,8,9],[2,5,6,7],[2,5,6,9],[2,5,8,9],[3,4,5,6],[3,4,5,8],[3,4,7,8],[3,5,7,8],[4,5,6,9],[4,5,7,9],[4,7,8,9],[5,7,8,9]]

7002_35=[[1,2,3,4],[1,2,3,5],[1,2,4,5],[1,3,4,6],[1,3,5,6],[1,4,5,7],[1,4,6,7],[1,5,6,7],[2,3,4,7],[2,3,5,7],[2,4,5,8],[2,4,6,7],[2,4,6,9],[2,4,8,9],[2,5,7,8],[2,6,7,8],[2,6,8,9],[3,4,5,6],[3,4,5,8],[3,4,7,9],[3,4,8,9],[3,5,7,9],[3,5,8,9],[4,5,6,9],[4,5,7,9],[5,6,7,8],[5,6,8,9]]

7002_36=[[1,2,3,4],[1,2,3,5],[1,2,4,5],[1,3,4,6],[1,3,5,6],[1,4,5,7],[1,4,6,7],[1,5,6,7],[2,3,4,7],[2,3,5,7],[2,4,5,8],[2,4,6,7],[2,4,6,9],[2,4,8,9],[2,5,7,8],[2,6,7,9],[2,7,8,9],[3,4,5,7],[3,4,5,9],[3,4,6,8],[3,4,8,9],[3,5,6,8],[3,5,8,9],[4,5,6,8],[4,5,6,9],[5,6,7,9],[5,7,8,9]]

7002_37=[[1,2,3,4],[1,2,3,5],[1,2,4,5],[1,3,4,6],[1,3,5,6],[1,4,5,7],[1,4,6,7],[1,5,6,7],[2,3,4,7],[2,3,5,7],[2,4,5,8],[2,4,6,7],[2,4,6,9],[2,4,8,9],[2,5,7,9],[2,5,8,9],[2,6,7,9],[3,4,5,7],[3,4,5,9],[3,4,6,8],[3,4,8,9],[3,5,6,8],[3,5,8,9],[4,5,6,8],[4,5,6,9],[5,6,7,9]]

7002_38=[[1,2,3,4],[1,2,3,5],[1,2,4,5],[1,3,4,6],[1,3,5,6],[1,4,5,7],[1,4,6,7],[1,5,6,7],[2,3,4,7],[2,3,5,7],[2,4,5,8],[2,4,6,8],[2,4,6,9],[2,4,7,9],[2,5,6,8],[2,5,6,9],[2,5,7,9],[3,4,5,7],[3,4,5,8],[3,4,6,9],[3,4,8,9],[3,5,6,9],[3,5,8,9],[4,6,7,8],[4,7,8,9],[5,6,7,8],[5,7,8,9]]

7002_39=[[1,2,3,4],[1,2,3,5],[1,2,4,5],[1,3,4,6],[1,3,5,6],[1,4,5,7],[1,4,6,7],[1,5,6,7],[2,3,4,7],[2,3,5,7],[2,4,5,8],[2,4,7,8],[2,5,7,9],[2,5,8,9],[2,7,8,9],[3,4,5,7],[3,4,5,9],[3,4,6,8],[3,4,8,9],[3,5,6,8],[3,5,8,9],[4,5,6,8],[4,5,6,9],[4,6,7,9],[4,7,8,9],[5,6,7,9]]

7002_40=[[1,2,3,4],[1,2,3,5],[1,2,4,5],[1,3,4,6],[1,3,5,6],[1,4,5,7],[1,4,6,7],[1,5,6,7],[2,3,4,7],[2,3,5,7],[2,4,5,8],[2,4,7,9],[2,4,8,9],[2,5,7,9],[2,5,8,9],[3,4,5,7],[3,4,5,9],[3,4,6,8],[3,4,8,9],[3,5,6,8],[3,5,8,9],[4,5,6,8],[4,5,6,9],[4,6,7,9],[5,6,7,9]]

7002_41=[[1,2,3,4],[1,2,3,5],[1,2,4,5],[1,3,4,6],[1,3,5,6],[1,4,5,7],[1,4,6,7],[1,5,6,7],[2,3,4,7],[2,3,5,7],[2,4,5,8],[2,4,7,9],[2,4,8,9],[2,5,7,9],[2,5,8,9],[3,4,6,9],[3,4,7,8],[3,4,8,9],[3,5,6,9],[3,5,7,8],[3,5,8,9],[4,5,6,8],[4,5,6,9],[4,5,7,9],[4,6,7,8],[5,6,7,8]]

7002_42=[[1,2,3,4],[1,2,3,5],[1,2,4,5],[1,3,4,6],[1,3,5,6],[1,4,5,7],[1,4,6,7],[1,5,6,7],[2,3,4,7],[2,3,5,8],[2,3,7,8],[2,4,5,6],[2,4,6,8],[2,4,7,8],[2,5,6,8],[3,4,5,6],[3,4,5,9],[3,4,7,9],[3,5,7,8],[3,5,7,9],[4,5,7,8],[4,5,8,9],[4,6,7,9],[4,6,8,9],[5,6,7,9],[5,6,8,9]]

7002_43=[[1,2,3,4],[1,2,3,5],[1,2,4,5],[1,3,4,6],[1,3,5,6],[1,4,5,7],[1,4,6,7],[1,5,6,7],[2,3,4,7],[2,3,5,8],[2,3,7,8],[2,4,5,6],[2,4,6,8],[2,4,7,8],[2,5,6,9],[2,5,8,9],[2,6,8,9],[3,4,5,6],[3,4,5,9],[3,4,7,9],[3,5,7,8],[3,5,7,9],[4,5,7,8],[4,5,8,9],[4,6,7,9],[4,6,8,9],[5,6,7,9]]

7002_44=[[1,2,3,4],[1,2,3,5],[1,2,4,5],[1,3,4,6],[1,3,5,6],[1,4,5,7],[1,4,6,7],[1,5,6,7],[2,3,4,7],[2,3,5,8],[2,3,7,8],[2,4,5,6],[2,4,6,9],[2,4,7,8],[2,4,8,9],[2,5,6,8],[2,6,8,9],[3,4,5,6],[3,4,5,9],[3,4,7,9],[3,5,7,8],[3,5,7,9],[4,5,7,8],[4,5,8,9],[4,6,7,9],[5,6,7,9],[5,6,8,9]]

7002_45=[[1,2,3,4],[1,2,3,5],[1,2,4,5],[1,3,4,6],[1,3,5,6],[1,4,5,7],[1,4,6,7],[1,5,6,7],[2,3,4,7],[2,3,5,8],[2,3,7,8],[2,4,5,6],[2,4,6,9],[2,4,7,8],[2,4,8,9],[2,5,6,9],[2,5,8,9],[3,4,6,9],[3,4,7,9],[3,5,6,9],[3,5,7,8],[3,5,7,9],[4,5,6,8],[4,5,7,9],[4,5,8,9],[4,6,7,8],[5,6,7,8]]

7002_46=[[1,2,3,4],[1,2,3,5],[1,2,4,5],[1,3,4,6],[1,3,5,6],[1,4,5,7],[1,4,6,7],[1,5,6,7],[2,3,4,7],[2,3,5,8],[2,3,7,8],[2,4,5,6],[2,4,6,9],[2,4,7,9],[2,5,6,9],[2,5,7,8],[2,5,7,9],[3,4,5,6],[3,4,5,9],[3,4,7,8],[3,4,8,9],[3,5,8,9],[4,5,7,9],[4,6,7,8],[4,6,8,9],[5,6,7,8],[5,6,8,9]]

7002_47=[[1,2,3,4],[1,2,3,5],[1,2,4,5],[1,3,4,6],[1,3,5,6],[1,4,5,7],[1,4,6,7],[1,5,6,7],[2,3,4,7],[2,3,5,8],[2,3,7,8],[2,4,5,6],[2,4,6,9],[2,4,7,9],[2,5,6,9],[2,5,8,9],[2,7,8,9],[3,4,5,7],[3,4,5,9],[3,4,6,9],[3,5,6,9],[3,5,7,8],[4,5,6,8],[4,5,8,9],[4,6,7,8],[4,7,8,9],[5,6,7,8]]

7002_48=[[1,2,3,4],[1,2,3,5],[1,2,4,5],[1,3,4,6],[1,3,5,6],[1,4,5,7],[1,4,6,7],[1,5,6,7],[2,3,4,7],[2,3,5,8],[2,3,7,8],[2,4,5,9],[2,4,6,7],[2,4,6,9],[2,5,7,8],[2,5,7,9],[2,6,7,9],[3,4,5,6],[3,4,5,9],[3,4,7,8],[3,4,8,9],[3,5,8,9],[4,5,6,8],[4,5,7,8],[4,6,8,9],[5,6,7,9],[5,6,8,9]]

7002_49=[[1,2,3,4],[1,2,3,5],[1,2,4,5],[1,3,4,6],[1,3,5,6],[1,4,5,7],[1,4,6,7],[1,5,6,7],[2,3,4,7],[2,3,5,8],[2,3,7,8],[2,4,5,9],[2,4,6,8],[2,4,6,9],[2,4,7,8],[2,5,6,8],[2,5,6,9],[3,4,5,6],[3,4,5,7],[3,5,7,9],[3,5,8,9],[3,7,8,9],[4,5,6,8],[4,5,8,9],[4,6,7,9],[4,7,8,9],[5,6,7,9]]

7002_50=[[1,2,3,4],[1,2,3,5],[1,2,4,5],[1,3,4,6],[1,3,5,6],[1,4,5,7],[1,4,6,7],[1,5,6,7],[2,3,4,7],[2,3,5,8],[2,3,7,8],[2,4,5,9],[2,4,7,9],[2,5,6,7],[2,5,6,9],[2,5,7,8],[2,6,7,9],[3,4,5,6],[3,4,5,9],[3,4,7,8],[3,4,8,9],[3,5,8,9],[4,5,6,8],[4,5,7,8],[4,6,7,9],[4,6,8,9],[5,6,8,9]]

7002_51=[[1,2,3,4],[1,2,3,5],[1,2,4,5],[1,3,4,6],[1,3,5,6],[1,4,5,7],[1,4,6,7],[1,5,6,7],[2,3,4,7],[2,3,5,8],[2,3,7,8],[2,4,5,9],[2,4,7,9],[2,5,7,8],[2,5,7,9],[3,4,5,6],[3,4,5,9],[3,4,7,8],[3,4,8,9],[3,5,8,9],[4,5,6,8],[4,5,7,8],[4,6,7,9],[4,6,8,9],[5,6,7,9],[5,6,8,9]]

7002_52=[[1,2,3,4],[1,2,3,5],[1,2,4,5],[1,3,4,6],[1,3,5,6],[1,4,5,7],[1,4,6,7],[1,5,6,7],[2,3,4,8],[2,3,5,8],[2,4,5,6],[2,4,6,8],[2,5,6,9],[2,5,8,9],[2,6,8,9],[3,4,5,6],[3,4,5,9],[3,4,7,8],[3,4,7,9],[3,5,7,8],[3,5,7,9],[4,5,7,8],[4,5,8,9],[4,6,7,9],[4,6,8,9],[5,6,7,9]]

7002_53=[[1,2,3,4],[1,2,3,5],[1,2,4,5],[1,3,4,6],[1,3,5,6],[1,4,5,7],[1,4,6,7],[1,5,6,7],[2,3,4,8],[2,3,5,8],[2,4,5,6],[2,4,6,9],[2,4,7,8],[2,4,7,9],[2,5,6,9],[2,5,7,8],[2,5,7,9],[3,4,5,6],[3,4,5,7],[3,4,7,9],[3,4,8,9],[3,5,7,9],[3,5,8,9],[4,6,7,8],[4,6,8,9],[5,6,7,8],[5,6,8,9]]

7002_54=[[1,2,3,4],[1,2,3,5],[1,2,4,5],[1,3,4,6],[1,3,5,6],[1,4,5,7],[1,4,6,7],[1,5,6,7],[2,3,4,8],[2,3,5,8],[2,4,5,6],[2,4,6,9],[2,4,7,8],[2,4,7,9],[2,5,6,9],[2,5,7,8],[2,5,7,9],[3,4,5,6],[3,4,5,9],[3,4,8,9],[3,5,8,9],[4,5,7,9],[4,6,7,8],[4,6,8,9],[5,6,7,8],[5,6,8,9]]

7002_55=[[1,2,3,4],[1,2,3,5],[1,2,4,5],[1,3,4,6],[1,3,5,6],[1,4,5,7],[1,4,6,7],[1,5,6,7],[2,3,4,8],[2,3,5,8],[2,4,5,6],[2,4,6,9],[2,4,8,9],[2,5,6,9],[2,5,8,9],[3,4,6,9],[3,4,7,8],[3,4,7,9],[3,5,6,9],[3,5,7,8],[3,5,7,9],[4,5,6,8],[4,5,7,9],[4,5,8,9],[4,6,7,8],[5,6,7,8]]

7002_56=[[1,2,3,4],[1,2,3,5],[1,2,4,5],[1,3,4,6],[1,3,5,6],[1,4,5,7],[1,4,6,7],[1,5,6,7],[2,3,4,8],[2,3,5,8],[2,4,5,9],[2,4,6,8],[2,4,6,9],[2,5,7,8],[2,5,7,9],[2,6,7,8],[2,6,7,9],[3,4,5,6],[3,4,5,7],[3,4,7,9],[3,4,8,9],[3,5,7,9],[3,5,8,9],[4,5,6,8],[4,5,8,9],[4,6,7,9],[5,6,7,8]]

7002_57=[[1,2,3,4],[1,2,3,5],[1,2,4,5],[1,3,4,6],[1,3,5,6],[1,4,5,7],[1,4,6,7],[1,5,6,7],[2,3,4,8],[2,3,5,8],[2,4,5,9],[2,4,7,8],[2,4,7,9],[2,5,7,8],[2,5,7,9],[3,4,5,6],[3,4,5,9],[3,4,8,9],[3,5,8,9],[4,5,6,8],[4,5,7,8],[4,6,7,9],[4,6,8,9],[5,6,7,9],[5,6,8,9]]

7002_58=[[1,2,3,4],[1,2,3,5],[1,2,4,5],[1,3,4,6],[1,3,5,6],[1,4,5,7],[1,4,6,7],[1,5,6,8],[1,5,7,8],[1,6,7,8],[2,3,4,6],[2,3,5,7],[2,3,6,7],[2,4,5,6],[2,5,6,8],[2,5,7,9],[2,5,8,9],[2,6,7,9],[2,6,8,9],[3,5,6,9],[3,5,7,8],[3,5,8,9],[3,6,7,8],[3,6,8,9],[4,5,6,9],[4,5,7,9],[4,6,7,9]]

7002_59=[[1,2,3,4],[1,2,3,5],[1,2,4,5],[1,3,4,6],[1,3,5,6],[1,4,5,7],[1,4,6,7],[1,5,6,8],[1,5,7,8],[1,6,7,8],[2,3,4,6],[2,3,5,7],[2,3,6,7],[2,4,5,6],[2,5,6,9],[2,5,7,8],[2,5,8,9],[2,6,7,8],[2,6,8,9],[3,5,6,9],[3,5,7,9],[3,6,7,9],[4,5,6,8],[4,5,7,9],[4,5,8,9],[4,6,7,9],[4,6,8,9]]

7002_60=[[1,2,3,4],[1,2,3,5],[1,2,4,5],[1,3,4,6],[1,3,5,6],[1,4,5,7],[1,4,6,7],[1,5,6,8],[1,5,7,8],[1,6,7,8],[2,3,4,6],[2,3,5,7],[2,3,6,7],[2,4,5,8],[2,4,6,8],[2,5,7,9],[2,5,8,9],[2,6,7,9],[2,6,8,9],[3,5,6,9],[3,5,7,8],[3,5,8,9],[3,6,7,8],[3,6,8,9],[4,5,6,8],[4,5,6,9],[4,5,7,9],[4,6,7,9]]

7002_61=[[1,2,3,4],[1,2,3,5],[1,2,4,5],[1,3,4,6],[1,3,5,6],[1,4,5,7],[1,4,6,7],[1,5,6,8],[1,5,7,8],[1,6,7,8],[2,3,4,6],[2,3,5,7],[2,3,6,7],[2,4,5,8],[2,4,6,9],[2,4,8,9],[2,5,6,7],[2,5,6,9],[2,5,8,9],[3,5,6,9],[3,5,7,8],[3,5,8,9],[3,6,7,9],[3,7,8,9],[4,5,6,7],[4,5,6,8],[4,6,8,9],[6,7,8,9]]

7002_62=[[1,2,3,4],[1,2,3,5],[1,2,4,5],[1,3,4,6],[1,3,5,6],[1,4,5,7],[1,4,6,7],[1,5,6,8],[1,5,7,8],[1,6,7,8],[2,3,4,6],[2,3,5,7],[2,3,6,7],[2,4,5,8],[2,4,6,9],[2,4,8,9],[2,5,6,7],[2,5,6,9],[2,5,8,9],[3,5,6,9],[3,5,7,9],[3,6,7,8],[3,6,8,9],[3,7,8,9],[4,5,6,7],[4,5,6,8],[4,6,8,9],[5,7,8,9]]

7002_63=[[1,2,3,4],[1,2,3,5],[1,2,4,5],[1,3,4,6],[1,3,5,6],[1,4,5,7],[1,4,6,7],[1,5,6,8],[1,5,7,8],[1,6,7,8],[2,3,4,6],[2,3,5,7],[2,3,6,7],[2,4,5,8],[2,4,6,9],[2,4,8,9],[2,5,6,7],[2,5,6,9],[2,5,8,9],[3,5,6,9],[3,5,7,9],[3,6,7,9],[4,5,6,7],[4,5,6,8],[4,6,8,9],[5,7,8,9],[6,7,8,9]]

7002_64=[[1,2,3,4],[1,2,3,5],[1,2,4,5],[1,3,4,6],[1,3,5,6],[1,4,5,7],[1,4,6,7],[1,5,6,8],[1,5,7,8],[1,6,7,8],[2,3,4,6],[2,3,5,7],[2,3,6,7],[2,4,5,8],[2,4,6,9],[2,4,8,9],[2,5,7,9],[2,5,8,9],[2,6,7,9],[3,5,6,9],[3,5,7,8],[3,5,8,9],[3,6,7,8],[3,6,8,9],[4,5,6,7],[4,5,6,8],[4,6,8,9],[5,6,7,9]]

7002_65=[[1,2,3,4],[1,2,3,5],[1,2,4,5],[1,3,4,6],[1,3,5,6],[1,4,5,7],[1,4,6,7],[1,5,6,8],[1,5,7,8],[1,6,7,8],[2,3,4,6],[2,3,5,7],[2,3,6,7],[2,4,5,9],[2,4,6,8],[2,4,8,9],[2,5,6,7],[2,5,6,9],[2,6,8,9],[3,5,6,9],[3,5,7,8],[3,5,8,9],[3,6,7,9],[3,7,8,9],[4,5,6,7],[4,5,6,8],[4,5,8,9],[6,7,8,9]]

7002_66=[[1,2,3,4],[1,2,3,5],[1,2,4,5],[1,3,4,6],[1,3,5,6],[1,4,5,7],[1,4,6,7],[1,5,6,8],[1,5,7,8],[1,6,7,8],[2,3,4,6],[2,3,5,7],[2,3,6,7],[2,4,5,9],[2,4,6,8],[2,4,8,9],[2,5,6,7],[2,5,6,9],[2,6,8,9],[3,5,6,9],[3,5,7,9],[3,6,7,8],[3,6,8,9],[3,7,8,9],[4,5,6,7],[4,5,6,8],[4,5,8,9],[5,7,8,9]]

7002_67=[[1,2,3,4],[1,2,3,5],[1,2,4,5],[1,3,4,6],[1,3,5,6],[1,4,5,7],[1,4,6,7],[1,5,6,8],[1,5,7,8],[1,6,7,8],[2,3,4,6],[2,3,5,7],[2,3,6,7],[2,4,5,9],[2,4,6,8],[2,4,8,9],[2,5,6,7],[2,5,6,9],[2,6,8,9],[3,5,6,9],[3,5,7,9],[3,6,7,9],[4,5,6,7],[4,5,6,8],[4,5,8,9],[5,7,8,9],[6,7,8,9]]

7002_68=[[1,2,3,4],[1,2,3,5],[1,2,4,5],[1,3,4,6],[1,3,5,6],[1,4,5,7],[1,4,6,7],[1,5,6,8],[1,5,7,8],[1,6,7,8],[2,3,4,6],[2,3,5,7],[2,3,6,7],[2,4,5,9],[2,4,6,8],[2,4,8,9],[2,5,7,9],[2,6,7,9],[2,6,8,9],[3,5,6,9],[3,5,7,8],[3,5,8,9],[3,6,7,8],[3,6,8,9],[4,5,6,7],[4,5,6,8],[4,5,8,9],[5,6,7,9]]

7002_69=[[1,2,3,4],[1,2,3,5],[1,2,4,5],[1,3,4,6],[1,3,5,6],[1,4,5,7],[1,4,6,7],[1,5,6,8],[1,5,7,8],[1,6,7,8],[2,3,4,6],[2,3,5,7],[2,3,6,7],[2,4,5,9],[2,4,6,9],[2,5,6,7],[2,5,6,9],[3,5,6,9],[3,5,7,8],[3,5,8,9],[3,6,7,9],[3,7,8,9],[4,5,6,7],[4,5,6,8],[4,5,8,9],[4,6,8,9],[6,7,8,9]]

7002_70=[[1,2,3,4],[1,2,3,5],[1,2,4,5],[1,3,4,6],[1,3,5,6],[1,4,5,7],[1,4,6,7],[1,5,6,8],[1,5,7,8],[1,6,7,8],[2,3,4,6],[2,3,5,7],[2,3,6,7],[2,4,5,9],[2,4,6,9],[2,5,6,7],[2,5,6,9],[3,5,6,9],[3,5,7,9],[3,6,7,8],[3,6,8,9],[3,7,8,9],[4,5,6,7],[4,5,6,8],[4,5,8,9],[4,6,8,9],[5,7,8,9]]

7002_71=[[1,2,3,4],[1,2,3,5],[1,2,4,5],[1,3,4,6],[1,3,5,6],[1,4,5,7],[1,4,6,7],[1,5,6,8],[1,5,7,8],[1,6,7,8],[2,3,4,6],[2,3,5,7],[2,3,6,7],[2,4,5,9],[2,4,6,9],[2,5,7,9],[2,6,7,9],[3,5,6,9],[3,5,7,8],[3,5,8,9],[3,6,7,8],[3,6,8,9],[4,5,6,7],[4,5,6,8],[4,5,8,9],[4,6,8,9],[5,6,7,9]]

7002_72=[[1,2,3,4],[1,2,3,5],[1,2,4,5],[1,3,4,6],[1,3,5,6],[1,4,5,7],[1,4,6,7],[1,5,6,8],[1,5,7,8],[1,6,7,8],[2,3,4,6],[2,3,5,7],[2,3,6,8],[2,3,7,8],[2,4,5,6],[2,5,6,9],[2,5,7,8],[2,5,8,9],[2,6,8,9],[3,5,6,9],[3,5,7,9],[3,6,7,8],[3,6,7,9],[4,5,6,8],[4,5,7,9],[4,5,8,9],[4,6,7,9],[4,6,8,9]]

7002_73=[[1,2,3,4],[1,2,3,5],[1,2,4,5],[1,3,4,6],[1,3,5,6],[1,4,5,7],[1,4,6,7],[1,5,6,8],[1,5,7,8],[1,6,7,8],[2,3,4,6],[2,3,5,7],[2,3,6,8],[2,3,7,8],[2,4,5,9],[2,4,6,9],[2,5,6,7],[2,5,6,9],[2,6,7,8],[3,5,6,9],[3,5,7,9],[3,6,8,9],[3,7,8,9],[4,5,6,7],[4,5,6,8],[4,5,8,9],[4,6,8,9],[5,7,8,9]]

7002_74=[[1,2,3,4],[1,2,3,5],[1,2,4,5],[1,3,4,6],[1,3,5,6],[1,4,5,7],[1,4,6,7],[1,5,6,8],[1,5,7,8],[1,6,7,8],[2,3,4,6],[2,3,5,7],[2,3,6,8],[2,3,7,8],[2,4,5,9],[2,4,6,9],[2,5,7,9],[2,6,7,8],[2,6,7,9],[3,5,6,9],[3,5,7,8],[3,5,8,9],[3,6,8,9],[4,5,6,7],[4,5,6,8],[4,5,8,9],[4,6,8,9],[5,6,7,9]]

7002_75=[[1,2,3,4],[1,2,3,5],[1,2,4,5],[1,3,4,6],[1,3,5,6],[1,4,5,7],[1,4,6,7],[1,5,6,8],[1,5,7,8],[1,6,7,8],[2,3,4,6],[2,3,5,7],[2,3,6,9],[2,3,7,8],[2,3,8,9],[2,4,5,6],[2,5,6,9],[2,5,7,8],[2,5,8,9],[3,5,6,7],[3,6,7,8],[3,6,8,9],[4,5,6,8],[4,5,7,9],[4,5,8,9],[4,6,7,9],[4,6,8,9],[5,6,7,9]]

7002_76=[[1,2,3,4],[1,2,3,5],[1,2,4,5],[1,3,4,6],[1,3,5,6],[1,4,5,7],[1,4,6,7],[1,5,6,8],[1,5,7,8],[1,6,7,8],[2,3,4,6],[2,3,5,7],[2,3,6,9],[2,3,7,9],[2,4,5,8],[2,4,6,8],[2,5,6,8],[2,5,6,9],[2,5,7,9],[3,5,6,7],[3,6,7,8],[3,6,8,9],[3,7,8,9],[4,5,6,7],[4,5,6,9],[4,5,8,9],[4,6,8,9],[5,7,8,9]]

7002_77=[[1,2,3,4],[1,2,3,5],[1,2,4,5],[1,3,4,6],[1,3,5,6],[1,4,5,7],[1,4,6,7],[1,5,6,8],[1,5,7,8],[1,6,7,8],[2,3,4,6],[2,3,5,7],[2,3,6,9],[2,3,7,9],[2,4,5,8],[2,4,6,8],[2,5,6,8],[2,5,6,9],[2,5,7,9],[3,5,6,7],[3,6,7,9],[4,5,6,7],[4,5,6,9],[4,5,8,9],[4,6,8,9],[5,7,8,9],[6,7,8,9]]

7002_78=[[1,2,3,4],[1,2,3,5],[1,2,4,5],[1,3,4,6],[1,3,5,6],[1,4,5,7],[1,4,6,7],[1,5,6,8],[1,5,7,8],[1,6,7,8],[2,3,4,6],[2,3,5,8],[2,3,6,7],[2,3,7,8],[2,4,5,6],[2,5,6,9],[2,5,8,9],[2,6,7,8],[2,6,8,9],[3,5,6,9],[3,5,7,8],[3,5,7,9],[3,6,7,9],[4,5,6,8],[4,5,7,9],[4,5,8,9],[4,6,7,9],[4,6,8,9]]

7002_79=[[1,2,3,4],[1,2,3,5],[1,2,4,5],[1,3,4,6],[1,3,5,6],[1,4,5,7],[1,4,6,7],[1,5,6,8],[1,5,7,8],[1,6,7,8],[2,3,4,6],[2,3,5,8],[2,3,6,7],[2,3,7,8],[2,4,5,9],[2,4,6,9],[2,5,6,7],[2,5,6,9],[2,5,7,8],[3,5,6,9],[3,5,8,9],[3,6,7,9],[3,7,8,9],[4,5,6,7],[4,5,6,8],[4,5,8,9],[4,6,8,9],[6,7,8,9]]

7002_80=[[1,2,3,4],[1,2,3,5],[1,2,4,5],[1,3,4,6],[1,3,5,6],[1,4,5,7],[1,4,6,7],[1,5,6,8],[1,5,7,8],[1,6,7,8],[2,3,4,6],[2,3,5,8],[2,3,6,7],[2,3,7,8],[2,4,5,9],[2,4,6,9],[2,5,7,8],[2,5,7,9],[2,6,7,9],[3,5,6,9],[3,5,8,9],[3,6,7,8],[3,6,8,9],[4,5,6,7],[4,5,6,8],[4,5,8,9],[4,6,8,9],[5,6,7,9]]

7002_81=[[1,2,3,4],[1,2,3,5],[1,2,4,5],[1,3,4,6],[1,3,5,6],[1,4,5,7],[1,4,6,7],[1,5,6,8],[1,5,7,8],[1,6,7,8],[2,3,4,6],[2,3,5,8],[2,3,6,8],[2,4,5,6],[2,5,6,7],[2,5,7,9],[2,5,8,9],[2,6,7,9],[2,6,8,9],[3,5,6,7],[3,5,7,8],[3,6,7,8],[4,5,6,8],[4,5,7,9],[4,5,8,9],[4,6,7,9],[4,6,8,9]]

7002_82=[[1,2,3,4],[1,2,3,5],[1,2,4,5],[1,3,4,6],[1,3,5,6],[1,4,5,7],[1,4,6,7],[1,5,6,8],[1,5,7,8],[1,6,7,8],[2,3,4,6],[2,3,5,8],[2,3,6,8],[2,4,5,6],[2,5,6,9],[2,5,8,9],[2,6,8,9],[3,5,6,9],[3,5,7,8],[3,5,7,9],[3,6,7,8],[3,6,7,9],[4,5,6,8],[4,5,7,9],[4,5,8,9],[4,6,7,9],[4,6,8,9]]

7002_83=[[1,2,3,4],[1,2,3,5],[1,2,4,5],[1,3,4,6],[1,3,5,6],[1,4,5,7],[1,4,6,7],[1,5,6,8],[1,5,7,8],[1,6,7,8],[2,3,4,6],[2,3,5,8],[2,3,6,8],[2,4,5,9],[2,4,6,9],[2,5,6,7],[2,5,6,8],[2,5,7,9],[2,6,7,9],[3,5,6,9],[3,5,8,9],[3,6,8,9],[4,5,6,7],[4,5,6,9],[5,7,8,9],[6,7,8,9]]

7002_84=[[1,2,3,4],[1,2,3,5],[1,2,4,5],[1,3,4,6],[1,3,5,6],[1,4,5,7],[1,4,6,7],[1,5,6,8],[1,5,7,8],[1,6,7,8],[2,3,4,6],[2,3,5,8],[2,3,6,8],[2,4,5,9],[2,4,6,9],[2,5,7,8],[2,5,7,9],[2,6,7,8],[2,6,7,9],[3,5,6,7],[3,5,7,9],[3,5,8,9],[3,6,7,9],[3,6,8,9],[4,5,6,7],[4,5,6,8],[4,5,8,9],[4,6,8,9]]

7002_85=[[1,2,3,4],[1,2,3,5],[1,2,4,5],[1,3,4,6],[1,3,5,6],[1,4,5,7],[1,4,6,7],[1,5,6,8],[1,5,7,8],[1,6,7,8],[2,3,4,6],[2,3,5,8],[2,3,6,8],[2,4,5,9],[2,4,6,9],[2,5,7,8],[2,5,7,9],[2,6,7,8],[2,6,7,9],[3,5,6,7],[3,5,7,9],[3,5,8,9],[3,6,7,9],[3,6,8,9],[4,5,6,7],[4,5,6,9],[5,6,8,9]]

7002_86=[[1,2,3,4],[1,2,3,5],[1,2,4,5],[1,3,4,6],[1,3,5,6],[1,4,5,7],[1,4,6,7],[1,5,6,8],[1,5,7,8],[1,6,7,8],[2,3,4,6],[2,3,5,8],[2,3,6,8],[2,4,5,9],[2,4,6,9],[2,5,7,8],[2,5,7,9],[2,6,7,8],[2,6,7,9],[3,5,6,9],[3,5,8,9],[3,6,8,9],[4,5,6,7],[4,5,6,8],[4,5,8,9],[4,6,8,9],[5,6,7,9]]

7002_87=[[1,2,3,4],[1,2,3,5],[1,2,4,5],[1,3,4,6],[1,3,5,6],[1,4,5,7],[1,4,6,7],[1,5,6,8],[1,5,7,8],[1,6,7,8],[2,3,4,6],[2,3,5,8],[2,3,6,9],[2,3,8,9],[2,4,5,6],[2,5,6,7],[2,5,7,9],[2,5,8,9],[2,6,7,9],[3,5,6,7],[3,5,7,8],[3,6,7,8],[3,6,8,9],[4,5,6,8],[4,5,7,9],[4,5,8,9],[4,6,7,9],[4,6,8,9]]

7002_88=[[1,2,3,4],[1,2,3,5],[1,2,4,5],[1,3,4,6],[1,3,5,6],[1,4,5,7],[1,4,6,7],[1,5,6,8],[1,5,7,8],[1,6,7,8],[2,3,4,6],[2,3,5,9],[2,3,6,7],[2,3,7,8],[2,3,8,9],[2,4,5,6],[2,5,6,9],[2,6,7,8],[2,6,8,9],[3,5,6,7],[3,5,7,8],[3,5,8,9],[4,5,6,8],[4,5,7,9],[4,5,8,9],[4,6,7,9],[4,6,8,9],[5,6,7,9]]

7002_89=[[1,2,3,4],[1,2,3,5],[1,2,4,5],[1,3,4,6],[1,3,5,6],[1,4,5,7],[1,4,6,7],[1,5,6,8],[1,5,7,8],[1,6,7,8],[2,3,4,6],[2,3,5,9],[2,3,6,7],[2,3,7,9],[2,4,5,8],[2,4,6,8],[2,5,6,8],[2,5,6,9],[2,6,7,9],[3,5,6,7],[3,5,7,8],[3,5,8,9],[3,7,8,9],[4,5,6,7],[4,5,6,9],[4,5,8,9],[4,6,8,9],[6,7,8,9]]

7002_90=[[1,2,3,4],[1,2,3,5],[1,2,4,5],[1,3,4,6],[1,3,5,6],[1,4,5,7],[1,4,6,7],[1,5,6,8],[1,5,7,8],[1,6,7,8],[2,3,4,6],[2,3,5,9],[2,3,6,7],[2,3,7,9],[2,4,5,8],[2,4,6,8],[2,5,6,8],[2,5,6,9],[2,6,7,9],[3,5,6,7],[3,5,7,9],[4,5,6,7],[4,5,6,9],[4,5,8,9],[4,6,8,9],[5,7,8,9],[6,7,8,9]]

7002_91=[[1,2,3,4],[1,2,3,5],[1,2,4,5],[1,3,4,6],[1,3,5,6],[1,4,5,7],[1,4,6,7],[1,5,6,8],[1,5,7,8],[1,6,7,8],[2,3,4,6],[2,3,5,9],[2,3,6,8],[2,3,8,9],[2,4,5,6],[2,5,6,7],[2,5,7,9],[2,6,7,9],[2,6,8,9],[3,5,6,7],[3,5,7,8],[3,5,8,9],[3,6,7,8],[4,5,6,8],[4,5,7,9],[4,5,8,9],[4,6,7,9],[4,6,8,9]]

7002_92=[[1,2,3,4],[1,2,3,5],[1,2,4,5],[1,3,4,6],[1,3,5,6],[1,4,5,7],[1,4,6,7],[1,5,6,8],[1,5,7,8],[1,6,7,8],[2,3,4,6],[2,3,5,9],[2,3,6,9],[2,4,5,8],[2,4,6,8],[2,5,6,7],[2,5,6,8],[2,5,7,9],[2,6,7,9],[3,5,6,7],[3,5,7,8],[3,5,8,9],[3,6,7,8],[3,6,8,9],[4,5,7,9],[4,5,8,9],[4,6,7,9],[4,6,8,9]]

7002_93=[[1,2,3,4],[1,2,3,5],[1,2,4,5],[1,3,4,6],[1,3,5,6],[1,4,5,7],[1,4,6,7],[1,5,6,8],[1,5,7,8],[1,6,7,8],[2,3,4,6],[2,3,5,9],[2,3,6,9],[2,4,5,8],[2,4,6,8],[2,5,6,8],[2,5,6,9],[3,5,6,7],[3,5,7,8],[3,5,8,9],[3,6,7,8],[3,6,8,9],[4,5,7,9],[4,5,8,9],[4,6,7,9],[4,6,8,9],[5,6,7,9]]

7002_94=[[1,2,3,4],[1,2,3,5],[1,2,4,5],[1,3,4,6],[1,3,5,6],[1,4,5,7],[1,4,6,7],[1,5,6,8],[1,5,7,8],[1,6,7,8],[2,3,4,6],[2,3,5,9],[2,3,6,9],[2,4,5,8],[2,4,6,8],[2,5,6,8],[2,5,6,9],[3,5,6,7],[3,5,7,8],[3,5,8,9],[3,6,7,9],[3,7,8,9],[4,5,6,7],[4,5,6,9],[4,5,8,9],[4,6,8,9],[6,7,8,9]]

7002_95=[[1,2,3,4],[1,2,3,5],[1,2,4,5],[1,3,4,6],[1,3,5,6],[1,4,5,7],[1,4,6,7],[1,5,6,8],[1,5,7,8],[1,6,7,8],[2,3,4,6],[2,3,5,9],[2,3,6,9],[2,4,5,8],[2,4,6,8],[2,5,6,8],[2,5,6,9],[3,5,6,7],[3,5,7,9],[3,6,7,8],[3,6,8,9],[3,7,8,9],[4,5,6,7],[4,5,6,9],[4,5,8,9],[4,6,8,9],[5,7,8,9]]

7002_96=[[1,2,3,4],[1,2,3,5],[1,2,4,5],[1,3,4,6],[1,3,5,6],[1,4,5,7],[1,4,6,7],[1,5,6,8],[1,5,7,8],[1,6,7,8],[2,3,4,7],[2,3,5,6],[2,3,6,7],[2,4,5,9],[2,4,7,8],[2,4,8,9],[2,5,6,9],[2,6,7,8],[2,6,8,9],[3,4,6,8],[3,4,7,9],[3,4,8,9],[3,6,7,9],[3,6,8,9],[4,5,6,8],[4,5,6,9],[4,5,7,8],[4,6,7,9]]

7002_97=[[1,2,3,4],[1,2,3,5],[1,2,4,5],[1,3,4,6],[1,3,5,6],[1,4,5,7],[1,4,6,7],[1,5,6,8],[1,5,7,8],[1,6,7,8],[2,3,4,7],[2,3,5,7],[2,4,5,8],[2,4,6,7],[2,4,6,9],[2,4,8,9],[2,5,7,8],[2,6,7,8],[2,6,8,9],[3,4,5,6],[3,4,5,8],[3,4,7,9],[3,4,8,9],[3,5,7,9],[3,5,8,9],[4,5,6,9],[4,5,7,9],[5,6,8,9]]

7002_98=[[1,2,3,4],[1,2,3,5],[1,2,4,5],[1,3,4,6],[1,3,5,6],[1,4,5,7],[1,4,6,7],[1,5,6,8],[1,5,7,8],[1,6,7,8],[2,3,4,7],[2,3,5,7],[2,4,5,9],[2,4,6,7],[2,4,6,8],[2,4,8,9],[2,5,7,9],[2,6,7,8],[2,7,8,9],[3,4,5,7],[3,4,5,8],[3,4,6,9],[3,4,8,9],[3,5,6,9],[3,5,8,9],[4,5,6,8],[4,5,6,9],[5,7,8,9]]

7002_99=[[1,2,3,4],[1,2,3,5],[1,2,4,5],[1,3,4,6],[1,3,5,6],[1,4,5,7],[1,4,6,7],[1,5,6,8],[1,5,7,8],[1,6,7,8],[2,3,4,7],[2,3,5,9],[2,3,7,9],[2,4,5,8],[2,4,7,8],[2,5,6,7],[2,5,6,9],[2,5,7,8],[2,6,7,9],[3,4,6,7],[3,5,6,7],[3,5,7,9],[4,5,7,9],[4,5,8,9],[4,7,8,9],[5,6,8,9],[6,7,8,9]]

7002_100=[[1,2,3,4],[1,2,3,5],[1,2,4,5],[1,3,4,6],[1,3,5,6],[1,4,5,7],[1,4,6,7],[1,5,6,8],[1,5,7,8],[1,6,7,8],[2,3,4,7],[2,3,5,9],[2,3,7,9],[2,4,5,8],[2,4,7,8],[2,5,6,8],[2,5,6,9],[2,6,7,8],[2,6,7,9],[3,4,6,7],[3,5,6,7],[3,5,7,8],[3,5,8,9],[3,7,8,9],[4,5,7,9],[4,5,8,9],[4,7,8,9],[5,6,7,9]]

7002_101=[[1,2,3,4],[1,2,3,5],[1,2,4,5],[1,3,4,6],[1,3,5,6],[1,4,5,7],[1,4,6,7],[1,5,6,8],[1,5,7,8],[1,6,7,8],[2,3,4,8],[2,3,5,7],[2,3,6,7],[2,3,6,8],[2,4,5,8],[2,5,6,8],[2,5,6,9],[2,5,7,9],[2,6,7,9],[3,4,6,9],[3,4,8,9],[3,5,6,7],[3,6,8,9],[4,5,6,7],[4,5,6,9],[4,5,8,9],[5,7,8,9],[6,7,8,9]]

7002_102=[[1,2,3,4],[1,2,3,5],[1,2,4,5],[1,3,4,6],[1,3,5,6],[1,4,5,7],[1,4,6,7],[1,5,6,8],[1,5,7,8],[1,6,7,8],[2,3,4,8],[2,3,5,8],[2,4,5,9],[2,4,6,7],[2,4,6,8],[2,4,7,9],[2,5,7,8],[2,5,7,9],[2,6,7,8],[3,4,5,6],[3,4,5,7],[3,4,7,9],[3,4,8,9],[3,5,7,9],[3,5,8,9],[4,5,6,9],[4,6,8,9],[5,6,8,9]]

7002_103=[[1,2,3,4],[1,2,3,5],[1,2,4,5],[1,3,4,6],[1,3,5,6],[1,4,5,7],[1,4,6,7],[1,5,6,8],[1,5,7,8],[1,6,7,8],[2,3,4,8],[2,3,5,8],[2,4,5,9],[2,4,6,7],[2,4,6,9],[2,4,7,8],[2,5,6,8],[2,5,6,9],[2,6,7,8],[3,4,5,7],[3,4,5,8],[3,4,6,9],[3,4,7,9],[3,5,6,9],[3,5,7,9],[4,5,8,9],[4,7,8,9],[5,7,8,9]]

7002_104=[[1,2,3,4],[1,2,3,5],[1,2,4,5],[1,3,4,6],[1,3,5,6],[1,4,5,7],[1,4,6,7],[1,5,6,8],[1,5,7,8],[1,6,7,8],[2,3,4,8],[2,3,5,8],[2,4,5,9],[2,4,6,8],[2,4,6,9],[2,5,6,7],[2,5,6,8],[2,5,7,9],[2,6,7,9],[3,4,6,8],[3,5,6,9],[3,5,8,9],[3,6,8,9],[4,5,6,7],[4,5,6,9],[5,7,8,9],[6,7,8,9]]

7002_105=[[1,2,3,4],[1,2,3,5],[1,2,4,5],[1,3,4,6],[1,3,5,6],[1,4,5,7],[1,4,6,7],[1,5,6,8],[1,5,7,8],[1,6,7,8],[2,3,4,8],[2,3,5,9],[2,3,6,8],[2,3,6,9],[2,4,5,8],[2,5,6,8],[2,5,6,9],[3,4,6,8],[3,5,6,7],[3,5,7,9],[3,6,7,9],[4,5,6,7],[4,5,6,9],[4,5,8,9],[4,6,8,9],[5,7,8,9],[6,7,8,9]]

7002_106=[[1,2,3,4],[1,2,3,5],[1,2,4,5],[1,3,4,6],[1,3,5,6],[1,4,5,7],[1,4,6,7],[1,5,6,8],[1,5,7,8],[1,6,7,8],[2,3,4,8],[2,3,5,9],[2,3,7,8],[2,3,7,9],[2,4,5,8],[2,5,6,7],[2,5,6,9],[2,5,7,8],[2,6,7,9],[3,4,6,7],[3,4,7,8],[3,5,6,7],[3,5,7,9],[4,5,7,9],[4,5,8,9],[4,7,8,9],[5,6,8,9],[6,7,8,9]]

7002_107=[[1,2,3,4],[1,2,3,5],[1,2,4,5],[1,3,4,6],[1,3,5,6],[1,4,5,7],[1,4,6,7],[1,5,6,8],[1,5,7,8],[1,6,7,9],[1,6,8,9],[1,7,8,9],[2,3,4,6],[2,3,5,7],[2,3,6,7],[2,4,5,8],[2,4,6,8],[2,5,6,7],[2,5,6,9],[2,5,8,9],[2,6,8,9],[3,5,6,9],[3,5,7,8],[3,5,8,9],[3,6,7,9],[3,7,8,9],[4,5,6,7],[4,5,6,8]]

7002_108=[[1,2,3,4],[1,2,3,5],[1,2,4,5],[1,3,4,6],[1,3,5,6],[1,4,5,7],[1,4,6,7],[1,5,6,8],[1,5,7,8],[1,6,7,9],[1,6,8,9],[1,7,8,9],[2,3,4,6],[2,3,5,7],[2,3,6,7],[2,4,5,8],[2,4,6,9],[2,4,8,9],[2,5,6,7],[2,5,6,9],[2,5,8,9],[3,5,6,9],[3,5,7,8],[3,5,8,9],[3,6,7,9],[3,7,8,9],[4,5,6,7],[4,5,6,8],[4,6,8,9]]

7002_109=[[1,2,3,4],[1,2,3,5],[1,2,4,5],[1,3,4,6],[1,3,5,6],[1,4,5,7],[1,4,6,7],[1,5,6,8],[1,5,7,8],[1,6,7,9],[1,6,8,9],[1,7,8,9],[2,3,4,6],[2,3,5,7],[2,3,6,7],[2,4,5,9],[2,4,6,8],[2,4,8,9],[2,5,6,7],[2,5,6,9],[2,6,8,9],[3,5,6,9],[3,5,7,8],[3,5,8,9],[3,6,7,9],[3,7,8,9],[4,5,6,7],[4,5,6,8],[4,5,8,9]]

7002_110=[[1,2,3,4],[1,2,3,5],[1,2,4,5],[1,3,4,6],[1,3,5,6],[1,4,5,7],[1,4,6,7],[1,5,6,8],[1,5,7,8],[1,6,7,9],[1,6,8,9],[1,7,8,9],[2,3,4,6],[2,3,5,8],[2,3,6,7],[2,3,7,8],[2,4,5,9],[2,4,6,9],[2,5,6,7],[2,5,6,9],[2,5,7,8],[3,5,6,9],[3,5,8,9],[3,6,7,9],[3,7,8,9],[4,5,6,7],[4,5,6,8],[4,5,8,9],[4,6,8,9]]

7002_111=[[1,2,3,4],[1,2,3,5],[1,2,4,5],[1,3,4,6],[1,3,5,6],[1,4,5,7],[1,4,6,7],[1,5,6,8],[1,5,7,8],[1,6,7,9],[1,6,8,9],[1,7,8,9],[2,3,4,6],[2,3,5,8],[2,3,6,8],[2,4,5,9],[2,4,6,9],[2,5,6,7],[2,5,6,8],[2,5,7,9],[2,6,7,9],[3,5,6,9],[3,5,7,8],[3,5,7,9],[3,6,8,9],[3,7,8,9],[4,5,6,7],[4,5,6,9]]

7002_112=[[1,2,3,4],[1,2,3,5],[1,2,4,5],[1,3,4,6],[1,3,5,6],[1,4,5,7],[1,4,6,7],[1,5,6,8],[1,5,7,8],[1,6,7,9],[1,6,8,9],[1,7,8,9],[2,3,4,6],[2,3,5,9],[2,3,6,7],[2,3,7,9],[2,4,5,8],[2,4,6,8],[2,5,6,8],[2,5,6,9],[2,6,7,9],[3,5,6,7],[3,5,7,8],[3,5,8,9],[3,7,8,9],[4,5,6,7],[4,5,6,9],[4,5,8,9],[4,6,8,9]]

7002_113=[[1,2,3,4],[1,2,3,5],[1,2,4,5],[1,3,4,6],[1,3,5,6],[1,4,5,7],[1,4,6,7],[1,5,6,8],[1,5,7,8],[1,6,7,9],[1,6,8,9],[1,7,8,9],[2,3,4,8],[2,3,5,8],[2,4,5,9],[2,4,6,8],[2,4,6,9],[2,5,6,7],[2,5,6,8],[2,5,7,9],[2,6,7,9],[3,4,6,8],[3,5,6,9],[3,5,7,8],[3,5,7,9],[3,6,8,9],[3,7,8,9],[4,5,6,7],[4,5,6,9]]

7002_114=[[1,2,3,4],[1,2,3,5],[1,2,4,5],[1,3,4,6],[1,3,5,6],[1,4,5,7],[1,4,6,7],[1,5,6,8],[1,5,7,9],[1,5,8,9],[1,6,7,8],[1,7,8,9],[2,3,4,6],[2,3,5,7],[2,3,6,7],[2,4,5,8],[2,4,6,8],[2,5,6,7],[2,5,6,9],[2,5,8,9],[2,6,8,9],[3,5,6,9],[3,5,7,9],[3,6,7,8],[3,6,8,9],[3,7,8,9],[4,5,6,7],[4,5,6,8]]

7002_115=[[1,2,3,4],[1,2,3,5],[1,2,4,5],[1,3,4,6],[1,3,5,6],[1,4,5,7],[1,4,6,7],[1,5,6,8],[1,5,7,9],[1,5,8,9],[1,6,7,8],[1,7,8,9],[2,3,4,6],[2,3,5,7],[2,3,6,7],[2,4,5,8],[2,4,6,9],[2,4,8,9],[2,5,6,7],[2,5,6,9],[2,5,8,9],[3,5,6,9],[3,5,7,9],[3,6,7,8],[3,6,8,9],[3,7,8,9],[4,5,6,7],[4,5,6,8],[4,6,8,9]]

7002_116=[[1,2,3,4],[1,2,3,5],[1,2,4,5],[1,3,4,6],[1,3,5,6],[1,4,5,7],[1,4,6,7],[1,5,6,8],[1,5,7,9],[1,5,8,9],[1,6,7,8],[1,7,8,9],[2,3,4,6],[2,3,5,7],[2,3,6,7],[2,4,5,9],[2,4,6,8],[2,4,8,9],[2,5,6,7],[2,5,6,9],[2,6,8,9],[3,5,6,9],[3,5,7,9],[3,6,7,8],[3,6,8,9],[3,7,8,9],[4,5,6,7],[4,5,6,8],[4,5,8,9]]

7002_117=[[1,2,3,4],[1,2,3,5],[1,2,4,5],[1,3,4,6],[1,3,5,6],[1,4,5,7],[1,4,6,7],[1,5,6,8],[1,5,7,9],[1,5,8,9],[1,6,7,8],[1,7,8,9],[2,3,4,6],[2,3,5,7],[2,3,6,8],[2,3,7,8],[2,4,5,9],[2,4,6,9],[2,5,6,7],[2,5,6,9],[2,6,7,8],[3,5,6,9],[3,5,7,9],[3,6,8,9],[3,7,8,9],[4,5,6,7],[4,5,6,8],[4,5,8,9],[4,6,8,9]]

7002_118=[[1,2,3,4],[1,2,3,5],[1,2,4,5],[1,3,4,6],[1,3,5,6],[1,4,5,7],[1,4,6,7],[1,5,6,8],[1,5,7,9],[1,5,8,9],[1,6,7,8],[1,7,8,9],[2,3,4,6],[2,3,5,7],[2,3,6,9],[2,3,7,9],[2,4,5,8],[2,4,6,8],[2,5,6,8],[2,5,6,9],[2,5,7,9],[3,5,6,7],[3,6,7,8],[3,6,8,9],[3,7,8,9],[4,5,6,7],[4,5,6,9],[4,5,8,9],[4,6,8,9]]

7002_119=[[1,2,3,4],[1,2,3,5],[1,2,4,5],[1,3,4,6],[1,3,5,6],[1,4,5,7],[1,4,6,7],[1,5,6,8],[1,5,7,9],[1,5,8,9],[1,6,7,8],[1,7,8,9],[2,3,4,6],[2,3,5,8],[2,3,6,8],[2,4,5,9],[2,4,6,9],[2,5,6,7],[2,5,6,8],[2,5,7,9],[2,6,7,9],[3,5,6,9],[3,5,8,9],[3,6,7,8],[3,6,7,9],[3,7,8,9],[4,5,6,7],[4,5,6,9]]

7002_120=[[1,2,3,4],[1,2,3,5],[1,2,4,5],[1,3,4,6],[1,3,5,6],[1,4,5,7],[1,4,6,7],[1,5,6,8],[1,5,7,9],[1,5,8,9],[1,6,7,8],[1,7,8,9],[2,3,4,7],[2,3,5,7],[2,4,5,6],[2,4,6,9],[2,4,7,8],[2,4,8,9],[2,5,6,9],[2,5,7,9],[2,7,8,9],[3,4,5,7],[3,4,5,8],[3,4,6,9],[3,4,8,9],[3,5,6,9],[3,5,8,9],[4,5,6,8],[4,6,7,8]]

7002_121=[[1,2,3,4],[1,2,3,5],[1,2,4,5],[1,3,4,6],[1,3,5,6],[1,4,5,7],[1,4,6,7],[1,5,6,8],[1,5,7,9],[1,5,8,9],[1,6,7,8],[1,7,8,9],[2,3,4,7],[2,3,5,7],[2,4,5,6],[2,4,6,9],[2,4,7,8],[2,4,8,9],[2,5,6,9],[2,5,7,9],[2,7,8,9],[3,4,5,7],[3,4,5,9],[3,4,6,9],[3,5,6,9],[4,5,6,8],[4,5,8,9],[4,6,7,8]]

7002_122=[[1,2,3,4],[1,2,3,5],[1,2,4,5],[1,3,4,6],[1,3,5,6],[1,4,5,7],[1,4,6,7],[1,5,6,8],[1,5,7,9],[1,5,8,9],[1,6,7,8],[1,7,8,9],[2,3,4,7],[2,3,5,7],[2,4,5,6],[2,4,6,9],[2,4,7,9],[2,5,6,9],[2,5,7,9],[3,4,5,7],[3,4,5,8],[3,4,6,9],[3,4,8,9],[3,5,6,9],[3,5,8,9],[4,5,6,8],[4,6,7,8],[4,7,8,9]]

7002_123=[[1,2,3,4],[1,2,3,5],[1,2,4,5],[1,3,4,6],[1,3,5,6],[1,4,5,7],[1,4,6,7],[1,5,6,8],[1,5,7,9],[1,5,8,9],[1,6,7,8],[1,7,8,9],[2,3,4,7],[2,3,5,7],[2,4,5,6],[2,4,6,9],[2,4,7,9],[2,5,6,9],[2,5,7,9],[3,4,5,7],[3,4,5,9],[3,4,6,9],[3,5,6,9],[4,5,6,8],[4,5,8,9],[4,6,7,8],[4,7,8,9]]

7002_124=[[1,2,3,4],[1,2,3,5],[1,2,4,5],[1,3,4,6],[1,3,5,6],[1,4,5,7],[1,4,6,7],[1,5,6,8],[1,5,7,9],[1,5,8,9],[1,6,7,8],[1,7,8,9],[2,3,4,7],[2,3,5,7],[2,4,5,8],[2,4,6,8],[2,4,6,9],[2,4,7,9],[2,5,6,8],[2,5,6,9],[2,5,7,9],[3,4,5,7],[3,4,5,8],[3,4,6,9],[3,4,8,9],[3,5,6,9],[3,5,8,9],[4,6,7,8],[4,7,8,9]]

7002_125=[[1,2,3,4],[1,2,3,5],[1,2,4,5],[1,3,4,6],[1,3,5,6],[1,4,5,7],[1,4,6,7],[1,5,6,8],[1,5,7,9],[1,5,8,9],[1,6,7,8],[1,7,8,9],[2,3,4,7],[2,3,5,7],[2,4,5,8],[2,4,7,8],[2,5,6,7],[2,5,6,9],[2,5,8,9],[2,6,7,9],[2,7,8,9],[3,4,6,9],[3,4,7,9],[3,5,6,9],[3,5,7,9],[4,5,7,8],[4,6,7,9],[5,6,7,8]]

7002_126=[[1,2,3,4],[1,2,3,5],[1,2,4,5],[1,3,4,6],[1,3,5,6],[1,4,5,7],[1,4,6,7],[1,5,6,8],[1,5,7,9],[1,5,8,9],[1,6,7,8],[1,7,8,9],[2,3,4,7],[2,3,5,7],[2,4,5,8],[2,4,7,8],[2,5,6,8],[2,5,6,9],[2,5,7,9],[2,6,7,8],[2,6,7,9],[3,4,6,9],[3,4,7,9],[3,5,6,9],[3,5,7,8],[3,5,8,9],[3,7,8,9],[4,5,7,8],[4,6,7,9]]

7002_127=[[1,2,3,4],[1,2,3,5],[1,2,4,5],[1,3,4,6],[1,3,5,6],[1,4,5,7],[1,4,6,7],[1,5,6,8],[1,5,7,9],[1,5,8,9],[1,6,7,8],[1,7,8,9],[2,3,4,7],[2,3,5,7],[2,4,5,9],[2,4,6,7],[2,4,6,8],[2,4,8,9],[2,5,7,9],[2,6,7,8],[2,7,8,9],[3,4,5,7],[3,4,5,8],[3,4,6,9],[3,4,8,9],[3,5,6,9],[3,5,8,9],[4,5,6,8],[4,5,6,9]]

7002_128=[[1,2,3,4],[1,2,3,5],[1,2,4,5],[1,3,4,6],[1,3,5,6],[1,4,5,7],[1,4,6,7],[1,5,6,8],[1,5,7,9],[1,5,8,9],[1,6,7,8],[1,7,8,9],[2,3,4,8],[2,3,5,7],[2,3,7,8],[2,4,5,6],[2,4,6,9],[2,4,8,9],[2,5,6,9],[2,5,7,9],[2,7,8,9],[3,4,5,7],[3,4,5,9],[3,4,6,9],[3,4,7,8],[3,5,6,9],[4,5,6,8],[4,5,8,9],[4,6,7,8]]

7002_129=[[1,2,3,4],[1,2,3,5],[1,2,4,5],[1,3,4,6],[1,3,5,6],[1,4,5,7],[1,4,6,7],[1,5,6,8],[1,5,7,9],[1,5,8,9],[1,6,7,8],[1,7,8,9],[2,3,4,8],[2,3,5,7],[2,3,7,8],[2,4,5,8],[2,5,6,8],[2,5,6,9],[2,5,7,9],[2,6,8,9],[2,7,8,9],[3,4,6,9],[3,4,8,9],[3,5,6,9],[3,5,7,8],[3,5,8,9],[4,5,7,8],[4,6,7,8],[4,6,8,9]]

7002_130=[[1,2,3,4],[1,2,3,5],[1,2,4,5],[1,3,4,6],[1,3,5,6],[1,4,5,7],[1,4,6,7],[1,5,6,8],[1,5,7,9],[1,5,8,9],[1,6,7,8],[1,7,8,9],[2,3,4,8],[2,3,5,7],[2,3,7,8],[2,4,5,9],[2,4,8,9],[2,5,6,7],[2,5,6,9],[2,6,7,9],[2,7,8,9],[3,4,6,7],[3,4,7,8],[3,5,6,9],[3,5,7,9],[3,6,7,9],[4,5,7,8],[4,5,8,9],[5,6,7,8]]

7002_131=[[1,2,3,4],[1,2,3,5],[1,2,4,5],[1,3,4,6],[1,3,5,6],[1,4,5,7],[1,4,6,7],[1,5,6,8],[1,5,7,9],[1,5,8,9],[1,6,7,8],[1,7,8,9],[2,3,4,8],[2,3,5,8],[2,4,5,6],[2,4,6,7],[2,4,7,9],[2,4,8,9],[2,5,6,8],[2,6,7,8],[2,7,8,9],[3,4,5,7],[3,4,5,8],[3,4,6,9],[3,4,7,9],[3,5,6,9],[3,5,7,9],[4,5,6,9],[4,5,8,9]]

7002_132=[[1,2,3,4],[1,2,3,5],[1,2,4,5],[1,3,4,6],[1,3,5,6],[1,4,5,7],[1,4,6,7],[1,5,6,8],[1,5,7,9],[1,5,8,9],[1,6,7,8],[1,7,8,9],[2,3,4,8],[2,3,5,8],[2,4,5,9],[2,4,6,8],[2,4,6,9],[2,5,6,7],[2,5,6,8],[2,5,7,9],[2,6,7,9],[3,4,6,8],[3,5,6,9],[3,5,8,9],[3,6,7,8],[3,6,7,9],[3,7,8,9],[4,5,6,7],[4,5,6,9]]

7002_133=[[1,2,3,4],[1,2,3,5],[1,2,4,5],[1,3,4,6],[1,3,5,6],[1,4,5,7],[1,4,6,7],[1,5,6,8],[1,5,7,9],[1,5,8,9],[1,6,7,9],[1,6,8,9],[2,3,4,6],[2,3,5,7],[2,3,6,7],[2,4,5,8],[2,4,6,8],[2,5,6,8],[2,5,6,9],[2,5,7,9],[2,6,7,9],[3,5,6,9],[3,5,7,8],[3,5,8,9],[3,6,7,8],[3,6,8,9],[4,5,7,8],[4,6,7,8]]

7002_134=[[1,2,3,4],[1,2,3,5],[1,2,4,5],[1,3,4,6],[1,3,5,6],[1,4,5,7],[1,4,6,7],[1,5,6,8],[1,5,7,9],[1,5,8,9],[1,6,7,9],[1,6,8,9],[2,3,4,6],[2,3,5,7],[2,3,6,8],[2,3,7,8],[2,4,5,6],[2,5,6,8],[2,5,7,8],[3,5,6,9],[3,5,7,9],[3,6,7,8],[3,6,7,9],[4,5,6,9],[4,5,7,8],[4,5,8,9],[4,6,7,8],[4,6,8,9]]

7002_135=[[1,2,3,4],[1,2,3,5],[1,2,4,5],[1,3,4,6],[1,3,5,6],[1,4,5,7],[1,4,6,7],[1,5,6,8],[1,5,7,9],[1,5,8,9],[1,6,7,9],[1,6,8,9],[2,3,4,6],[2,3,5,7],[2,3,6,8],[2,3,7,8],[2,4,5,9],[2,4,6,9],[2,5,6,8],[2,5,6,9],[2,5,7,8],[3,5,6,9],[3,5,7,9],[3,6,7,8],[3,6,7,9],[4,5,7,8],[4,5,8,9],[4,6,7,8],[4,6,8,9]]

7002_136=[[1,2,3,4],[1,2,3,5],[1,2,4,5],[1,3,4,6],[1,3,5,6],[1,4,5,7],[1,4,6,7],[1,5,6,8],[1,5,7,9],[1,5,8,9],[1,6,7,9],[1,6,8,9],[2,3,4,6],[2,3,5,7],[2,3,6,8],[2,3,7,8],[2,4,5,9],[2,4,6,9],[2,5,7,9],[2,6,7,8],[2,6,7,9],[3,5,6,9],[3,5,7,8],[3,5,8,9],[3,6,8,9],[4,5,6,8],[4,5,6,9],[4,5,7,8],[4,6,7,8]]

7002_137=[[1,2,3,4],[1,2,3,5],[1,2,4,5],[1,3,4,6],[1,3,5,6],[1,4,5,7],[1,4,6,7],[1,5,6,8],[1,5,7,9],[1,5,8,9],[1,6,7,9],[1,6,8,9],[2,3,4,6],[2,3,5,8],[2,3,6,7],[2,3,7,8],[2,4,5,9],[2,4,6,9],[2,5,6,8],[2,5,6,9],[2,6,7,8],[3,5,6,9],[3,5,7,8],[3,5,7,9],[3,6,7,9],[4,5,7,8],[4,5,8,9],[4,6,7,8],[4,6,8,9]]

7002_138=[[1,2,3,4],[1,2,3,5],[1,2,4,5],[1,3,4,6],[1,3,5,6],[1,4,5,7],[1,4,6,7],[1,5,6,8],[1,5,7,9],[1,5,8,9],[1,6,7,9],[1,6,8,9],[2,3,4,6],[2,3,5,8],[2,3,6,7],[2,3,7,8],[2,4,5,9],[2,4,6,9],[2,5,7,8],[2,5,7,9],[2,6,7,9],[3,5,6,9],[3,5,8,9],[3,6,7,8],[3,6,8,9],[4,5,6,8],[4,5,6,9],[4,5,7,8],[4,6,7,8]]

7002_139=[[1,2,3,4],[1,2,3,5],[1,2,4,5],[1,3,4,6],[1,3,5,6],[1,4,5,7],[1,4,6,7],[1,5,6,8],[1,5,7,9],[1,5,8,9],[1,6,7,9],[1,6,8,9],[2,3,4,6],[2,3,5,8],[2,3,6,8],[2,4,5,9],[2,4,6,9],[2,5,6,8],[2,5,6,9],[3,5,6,9],[3,5,7,8],[3,5,7,9],[3,6,7,8],[3,6,7,9],[4,5,7,8],[4,5,8,9],[4,6,7,8],[4,6,8,9]]

7002_140=[[1,2,3,4],[1,2,3,5],[1,2,4,5],[1,3,4,6],[1,3,5,6],[1,4,5,7],[1,4,6,7],[1,5,6,8],[1,5,7,9],[1,5,8,9],[1,6,7,9],[1,6,8,9],[2,3,4,6],[2,3,5,8],[2,3,6,9],[2,3,7,8],[2,3,7,9],[2,4,5,6],[2,5,6,8],[2,6,7,8],[2,6,7,9],[3,5,6,9],[3,5,7,8],[3,5,7,9],[4,5,6,9],[4,5,7,8],[4,5,8,9],[4,6,7,8],[4,6,8,9]]

7002_141=[[1,2,3,4],[1,2,3,5],[1,2,4,5],[1,3,4,6],[1,3,5,6],[1,4,5,7],[1,4,6,7],[1,5,6,8],[1,5,7,9],[1,5,8,9],[1,6,7,9],[1,6,8,9],[2,3,4,6],[2,3,5,9],[2,3,6,8],[2,3,7,8],[2,3,7,9],[2,4,5,6],[2,5,6,8],[2,5,7,8],[2,5,7,9],[3,5,6,9],[3,6,7,8],[3,6,7,9],[4,5,6,9],[4,5,7,8],[4,5,8,9],[4,6,7,8],[4,6,8,9]]

7002_142=[[1,2,3,4],[1,2,3,5],[1,2,4,5],[1,3,4,6],[1,3,5,6],[1,4,5,7],[1,4,6,7],[1,5,6,8],[1,5,7,9],[1,5,8,9],[1,6,7,9],[1,6,8,9],[2,3,4,7],[2,3,5,7],[2,4,5,6],[2,4,6,8],[2,4,7,8],[2,5,6,8],[2,5,7,8],[3,4,5,6],[3,4,5,8],[3,4,7,9],[3,4,8,9],[3,5,7,9],[3,5,8,9],[4,5,7,8],[4,6,7,9],[4,6,8,9]]

7002_143=[[1,2,3,4],[1,2,3,5],[1,2,4,5],[1,3,4,6],[1,3,5,6],[1,4,5,7],[1,4,6,7],[1,5,6,8],[1,5,7,9],[1,5,8,9],[1,6,7,9],[1,6,8,9],[2,3,4,7],[2,3,5,7],[2,4,5,6],[2,4,6,9],[2,4,7,8],[2,4,8,9],[2,5,6,8],[2,5,7,8],[2,6,8,9],[3,4,5,6],[3,4,5,8],[3,4,7,9],[3,4,8,9],[3,5,7,9],[3,5,8,9],[4,5,7,8],[4,6,7,9]]

7002_144=[[1,2,3,4],[1,2,3,5],[1,2,4,5],[1,3,4,6],[1,3,5,6],[1,4,5,7],[1,4,6,7],[1,5,6,8],[1,5,7,9],[1,5,8,9],[1,6,7,9],[1,6,8,9],[2,3,4,7],[2,3,5,9],[2,3,7,9],[2,4,5,6],[2,4,6,8],[2,4,7,8],[2,5,6,8],[2,5,7,8],[2,5,7,9],[3,4,5,6],[3,4,5,8],[3,4,7,9],[3,4,8,9],[3,5,8,9],[4,5,7,8],[4,6,7,9],[4,6,8,9]]

7002_145=[[1,2,3,4],[1,2,3,5],[1,2,4,5],[1,3,4,6],[1,3,5,6],[1,4,5,7],[1,4,6,7],[1,5,6,8],[1,5,7,9],[1,5,8,9],[1,6,7,9],[1,6,8,9],[2,3,4,8],[2,3,5,7],[2,3,6,7],[2,3,6,8],[2,4,5,8],[2,5,6,8],[2,5,6,9],[2,5,7,9],[2,6,7,9],[3,4,6,9],[3,4,8,9],[3,5,6,7],[3,6,8,9],[4,5,6,7],[4,5,6,9],[4,5,8,9]]

7002_146=[[1,2,3,4],[1,2,3,5],[1,2,4,5],[1,3,4,6],[1,3,5,6],[1,4,5,7],[1,4,6,7],[1,5,6,8],[1,5,7,9],[1,5,8,9],[1,6,7,9],[1,6,8,9],[2,3,4,8],[2,3,5,8],[2,4,5,9],[2,4,6,8],[2,4,6,9],[2,5,7,8],[2,5,7,9],[2,6,7,8],[2,6,7,9],[3,4,6,8],[3,5,6,9],[3,5,8,9],[3,6,8,9],[4,5,6,7],[4,5,6,9],[5,6,7,8]]

7002_147=[[1,2,3,4],[1,2,3,5],[1,2,4,5],[1,3,4,6],[1,3,5,6],[1,4,5,7],[1,4,6,7],[1,5,6,8],[1,5,7,9],[1,5,8,9],[1,6,7,9],[1,6,8,9],[2,3,4,9],[2,3,5,7],[2,3,6,7],[2,3,6,9],[2,4,5,9],[2,5,6,8],[2,5,6,9],[2,5,7,8],[2,6,7,8],[3,4,6,8],[3,4,8,9],[3,5,6,7],[3,6,8,9],[4,5,7,8],[4,5,8,9],[4,6,7,8],[5,6,7,9]]

7002_148=[[1,2,3,4],[1,2,3,5],[1,2,4,5],[1,3,4,6],[1,3,5,6],[1,4,5,7],[1,4,6,7],[1,5,6,8],[1,5,7,9],[1,5,8,9],[1,6,7,9],[1,6,8,9],[2,3,4,9],[2,3,5,7],[2,3,6,7],[2,3,6,9],[2,4,5,9],[2,5,6,8],[2,5,6,9],[2,5,7,8],[2,6,7,8],[3,4,6,9],[3,5,6,7],[4,5,7,8],[4,5,8,9],[4,6,7,8],[4,6,8,9],[5,6,7,9]]

7002_149=[[1,2,3,4],[1,2,3,5],[1,2,4,5],[1,3,4,6],[1,3,5,6],[1,4,5,7],[1,4,6,7],[1,5,6,8],[1,5,7,9],[1,5,8,9],[1,6,7,9],[1,6,8,9],[2,3,4,9],[2,3,5,7],[2,3,7,9],[2,4,5,6],[2,4,6,8],[2,4,7,8],[2,4,7,9],[2,5,6,8],[2,5,7,8],[3,4,5,6],[3,4,5,8],[3,4,8,9],[3,5,7,9],[3,5,8,9],[4,5,7,8],[4,6,7,9],[4,6,8,9]]

7002_150=[[1,2,3,4],[1,2,3,5],[1,2,4,5],[1,3,4,6],[1,3,5,6],[1,4,5,7],[1,4,6,7],[1,5,6,8],[1,5,7,9],[1,5,8,9],[1,6,7,9],[1,6,8,9],[2,3,4,9],[2,3,5,8],[2,3,6,8],[2,3,6,9],[2,4,5,9],[2,5,6,7],[2,5,6,8],[2,5,7,9],[2,6,7,9],[3,4,6,9],[3,5,6,7],[3,5,7,8],[3,6,7,8],[4,5,7,8],[4,5,8,9],[4,6,7,8],[4,6,8,9]]

7002_151=[[1,2,3,4],[1,2,3,5],[1,2,4,5],[1,3,4,6],[1,3,5,6],[1,4,5,7],[1,4,6,7],[1,5,6,8],[1,5,7,9],[1,5,8,9],[1,6,7,9],[1,6,8,9],[2,3,4,9],[2,3,5,9],[2,4,5,8],[2,4,6,8],[2,4,6,9],[2,5,7,8],[2,5,7,9],[2,6,7,8],[2,6,7,9],[3,4,6,9],[3,5,6,7],[3,5,7,8],[3,5,8,9],[3,6,7,8],[3,6,8,9],[4,5,6,7],[4,5,6,8]]

7002_152=[[1,2,3,4],[1,2,3,5],[1,2,4,5],[1,3,4,6],[1,3,5,6],[1,4,5,7],[1,4,6,8],[1,4,7,8],[1,5,6,8],[1,5,7,8],[2,3,4,7],[2,3,5,7],[2,4,5,6],[2,4,6,8],[2,4,7,9],[2,4,8,9],[2,5,6,8],[2,5,7,9],[2,5,8,9],[3,4,6,9],[3,4,7,8],[3,4,8,9],[3,5,6,9],[3,5,7,8],[3,5,8,9],[4,5,6,7],[4,6,7,9],[5,6,7,9]]

7002_153=[[1,2,3,4],[1,2,3,5],[1,2,4,5],[1,3,4,6],[1,3,5,6],[1,4,5,7],[1,4,6,8],[1,4,7,8],[1,5,6,8],[1,5,7,8],[2,3,4,7],[2,3,5,7],[2,4,5,6],[2,4,6,8],[2,4,7,9],[2,4,8,9],[2,5,6,8],[2,5,7,9],[2,5,8,9],[3,4,6,9],[3,4,7,8],[3,4,8,9],[3,5,6,9],[3,5,7,8],[3,5,8,9],[4,5,6,9],[4,5,7,9]]

7002_154=[[1,2,3,4],[1,2,3,5],[1,2,4,5],[1,3,4,6],[1,3,5,6],[1,4,5,7],[1,4,6,8],[1,4,7,8],[1,5,6,8],[1,5,7,8],[2,3,4,7],[2,3,5,7],[2,4,5,6],[2,4,6,9],[2,4,7,8],[2,4,8,9],[2,5,6,9],[2,5,7,8],[2,5,8,9],[3,4,6,9],[3,4,7,9],[3,5,6,9],[3,5,7,9],[4,5,6,8],[4,5,7,9],[4,5,8,9]]

7002_155=[[1,2,3,4],[1,2,3,5],[1,2,4,5],[1,3,4,6],[1,3,5,6],[1,4,5,7],[1,4,6,8],[1,4,7,8],[1,5,6,8],[1,5,7,8],[2,3,4,7],[2,3,5,7],[2,4,5,6],[2,4,6,9],[2,4,7,8],[2,4,8,9],[2,5,6,9],[2,5,7,9],[2,7,8,9],[3,4,5,7],[3,4,5,8],[3,4,6,9],[3,4,8,9],[3,5,6,9],[3,5,8,9],[4,5,6,8],[5,7,8,9]]

7002_156=[[1,2,3,4],[1,2,3,5],[1,2,4,5],[1,3,4,6],[1,3,5,6],[1,4,5,7],[1,4,6,8],[1,4,7,8],[1,5,6,8],[1,5,7,8],[2,3,4,7],[2,3,5,7],[2,4,5,8],[2,4,6,7],[2,4,6,8],[2,5,6,7],[2,5,6,8],[3,4,5,7],[3,4,5,8],[3,4,6,9],[3,4,8,9],[3,5,6,9],[3,5,8,9],[4,6,7,9],[4,7,8,9],[5,6,7,9],[5,7,8,9]]

7002_157=[[1,2,3,4],[1,2,3,5],[1,2,4,5],[1,3,4,6],[1,3,5,6],[1,4,5,7],[1,4,6,8],[1,4,7,8],[1,5,6,8],[1,5,7,8],[2,3,4,7],[2,3,5,7],[2,4,5,8],[2,4,6,7],[2,4,6,8],[2,5,6,8],[2,5,6,9],[2,5,7,9],[2,6,7,9],[3,4,5,7],[3,4,5,8],[3,4,6,9],[3,4,8,9],[3,5,6,9],[3,5,8,9],[4,6,7,9],[4,7,8,9],[5,7,8,9]]

7002_158=[[1,2,3,4],[1,2,3,5],[1,2,4,5],[1,3,4,6],[1,3,5,6],[1,4,5,7],[1,4,6,8],[1,4,7,8],[1,5,6,8],[1,5,7,8],[2,3,4,7],[2,3,5,7],[2,4,5,8],[2,4,6,7],[2,4,6,8],[2,5,6,8],[2,5,6,9],[2,5,7,9],[2,6,7,9],[3,4,5,7],[3,4,5,9],[3,4,6,9],[3,5,6,9],[4,5,8,9],[4,6,7,9],[4,7,8,9],[5,7,8,9]]

7002_159=[[1,2,3,4],[1,2,3,5],[1,2,4,5],[1,3,4,6],[1,3,5,6],[1,4,5,7],[1,4,6,8],[1,4,7,8],[1,5,6,8],[1,5,7,8],[2,3,4,7],[2,3,5,7],[2,4,5,8],[2,4,6,7],[2,4,6,9],[2,4,8,9],[2,5,6,7],[2,5,6,9],[2,5,8,9],[3,4,6,9],[3,4,7,8],[3,4,8,9],[3,5,6,9],[3,5,7,9],[3,7,8,9],[4,5,6,7],[4,5,6,8],[5,7,8,9]]

7002_160=[[1,2,3,4],[1,2,3,5],[1,2,4,5],[1,3,4,6],[1,3,5,6],[1,4,5,7],[1,4,6,8],[1,4,7,8],[1,5,6,8],[1,5,7,8],[2,3,4,7],[2,3,5,7],[2,4,5,8],[2,4,6,7],[2,4,6,9],[2,4,8,9],[2,5,6,7],[2,5,6,9],[2,5,8,9],[3,4,6,9],[3,4,7,9],[3,5,6,9],[3,5,7,9],[4,5,6,7],[4,5,6,8],[4,7,8,9],[5,7,8,9]]

7002_161=[[1,2,3,4],[1,2,3,5],[1,2,4,5],[1,3,4,6],[1,3,5,6],[1,4,5,7],[1,4,6,8],[1,4,7,8],[1,5,6,8],[1,5,7,8],[2,3,4,7],[2,3,5,7],[2,4,5,8],[2,4,6,8],[2,4,6,9],[2,4,7,9],[2,5,6,8],[2,5,6,9],[2,5,7,9],[3,4,5,7],[3,4,5,8],[3,4,6,9],[3,4,8,9],[3,5,6,9],[3,5,8,9],[4,7,8,9],[5,7,8,9]]

7002_162=[[1,2,3,4],[1,2,3,5],[1,2,4,5],[1,3,4,6],[1,3,5,6],[1,4,5,7],[1,4,6,8],[1,4,7,8],[1,5,6,8],[1,5,7,8],[2,3,4,7],[2,3,5,7],[2,4,5,8],[2,4,7,9],[2,4,8,9],[2,5,7,9],[2,5,8,9],[3,4,6,9],[3,4,7,8],[3,4,8,9],[3,5,6,9],[3,5,7,8],[3,5,8,9],[4,5,6,7],[4,5,6,8],[4,6,7,9],[5,6,7,9]]

7002_163=[[1,2,3,4],[1,2,3,5],[1,2,4,5],[1,3,4,6],[1,3,5,6],[1,4,5,7],[1,4,6,8],[1,4,7,8],[1,5,6,8],[1,5,7,8],[2,3,4,8],[2,3,5,8],[2,4,5,9],[2,4,6,7],[2,4,6,8],[2,4,7,9],[2,5,6,7],[2,5,6,8],[2,5,7,9],[3,4,6,9],[3,4,7,8],[3,4,7,9],[3,5,6,9],[3,5,8,9],[3,7,8,9],[4,5,6,7],[4,5,6,9],[5,7,8,9]]

7002_164=[[1,2,3,4],[1,2,3,5],[1,2,4,5],[1,3,4,6],[1,3,5,6],[1,4,5,7],[1,4,6,8],[1,4,7,8],[1,5,6,9],[1,5,7,8],[1,5,8,9],[1,6,8,9],[2,3,4,6],[2,3,5,7],[2,3,6,9],[2,3,7,9],[2,4,5,6],[2,5,6,8],[2,5,7,8],[2,6,7,8],[2,6,7,9],[3,5,6,8],[3,5,7,9],[3,5,8,9],[3,6,8,9],[4,5,6,9],[4,5,7,9],[4,6,7,8],[4,6,7,9]]

7002_165=[[1,2,3,4],[1,2,3,5],[1,2,4,5],[1,3,4,6],[1,3,5,6],[1,4,5,7],[1,4,6,8],[1,4,7,8],[1,5,6,9],[1,5,7,8],[1,5,8,9],[1,6,8,9],[2,3,4,6],[2,3,5,8],[2,3,6,9],[2,3,8,9],[2,4,5,6],[2,5,6,7],[2,5,7,9],[2,5,8,9],[2,6,7,9],[3,5,6,7],[3,5,7,8],[3,6,7,8],[3,6,8,9],[4,5,6,9],[4,5,7,9],[4,6,7,8],[4,6,7,9]]

7002_166=[[1,2,3,4],[1,2,3,5],[1,2,4,5],[1,3,4,6],[1,3,5,6],[1,4,5,7],[1,4,6,8],[1,4,7,8],[1,5,6,9],[1,5,7,8],[1,5,8,9],[1,6,8,9],[2,3,4,7],[2,3,5,8],[2,3,7,8],[2,4,5,6],[2,4,6,7],[2,5,6,7],[2,5,7,8],[3,4,5,6],[3,4,5,9],[3,4,7,8],[3,4,8,9],[3,5,8,9],[4,5,7,9],[4,6,7,9],[4,6,8,9],[5,6,7,9]]

7002_167=[[1,2,3,4],[1,2,3,5],[1,2,4,5],[1,3,4,6],[1,3,5,6],[1,4,5,7],[1,4,6,8],[1,4,7,8],[1,5,6,9],[1,5,7,8],[1,5,8,9],[1,6,8,9],[2,3,4,7],[2,3,5,8],[2,3,7,8],[2,4,5,6],[2,4,6,9],[2,4,7,9],[2,5,6,7],[2,5,7,8],[2,6,7,9],[3,4,5,6],[3,4,5,9],[3,4,7,8],[3,4,8,9],[3,5,8,9],[4,5,7,9],[4,6,8,9],[5,6,7,9]]

7002_168=[[1,2,3,4],[1,2,3,5],[1,2,4,5],[1,3,4,6],[1,3,5,6],[1,4,5,7],[1,4,6,8],[1,4,7,8],[1,5,6,9],[1,5,7,8],[1,5,8,9],[1,6,8,9],[2,3,4,7],[2,3,5,9],[2,3,7,9],[2,4,5,8],[2,4,7,8],[2,5,7,8],[2,5,7,9],[3,4,5,6],[3,4,5,8],[3,4,7,9],[3,4,8,9],[3,5,8,9],[4,5,6,7],[4,6,7,9],[4,6,8,9],[5,6,7,9]]

7002_169=[[1,2,3,4],[1,2,3,5],[1,2,4,5],[1,3,4,6],[1,3,5,6],[1,4,5,7],[1,4,6,8],[1,4,7,8],[1,5,6,9],[1,5,7,8],[1,5,8,9],[1,6,8,9],[2,3,4,8],[2,3,5,8],[2,4,5,6],[2,4,6,9],[2,4,7,8],[2,4,7,9],[2,5,6,9],[2,5,7,8],[2,5,7,9],[3,4,6,7],[3,4,7,9],[3,4,8,9],[3,5,6,7],[3,5,7,9],[3,5,8,9],[4,5,6,7],[4,6,8,9]]

7002_170=[[1,2,3,4],[1,2,3,5],[1,2,4,5],[1,3,4,6],[1,3,5,6],[1,4,5,7],[1,4,6,8],[1,4,7,8],[1,5,6,9],[1,5,7,8],[1,5,8,9],[1,6,8,9],[2,3,4,8],[2,3,5,9],[2,3,8,9],[2,4,5,6],[2,4,6,7],[2,4,7,8],[2,5,6,7],[2,5,7,8],[2,5,8,9],[3,4,5,6],[3,4,5,7],[3,4,7,9],[3,4,8,9],[3,5,7,9],[4,6,7,9],[4,6,8,9],[5,6,7,9]]

7002_171=[[1,2,3,4],[1,2,3,5],[1,2,4,5],[1,3,4,6],[1,3,5,6],[1,4,5,7],[1,4,6,8],[1,4,7,8],[1,5,6,9],[1,5,7,8],[1,5,8,9],[1,6,8,9],[2,3,4,9],[2,3,5,8],[2,3,8,9],[2,4,5,6],[2,4,6,7],[2,4,7,8],[2,4,8,9],[2,5,6,7],[2,5,7,8],[3,4,5,6],[3,4,5,7],[3,4,7,9],[3,5,7,9],[3,5,8,9],[4,6,7,9],[4,6,8,9],[5,6,7,9]]
