
7020_1=[[1,2,3,4],[1,2,3,5],[1,2,4,5],[1,3,4,5],[2,3,4,6],[2,3,5,6],[2,4,5,7],[2,4,6,7],[2,5,6,8],[2,5,7,9],[2,5,8,9],[2,6,7,9],[2,6,8,9],[3,4,5,8],[3,4,6,8],[3,5,6,9],[3,5,7,8],[3,5,7,9],[3,6,7,8],[3,6,7,9],[4,5,6,7],[4,5,6,9],[4,5,8,9],[4,6,8,9],[5,6,7,8]]

7020_2=[[1,2,3,4],[1,2,3,5],[1,2,4,5],[1,3,4,5],[2,3,4,6],[2,3,5,6],[2,4,5,7],[2,4,6,8],[2,4,7,9],[2,4,8,9],[2,5,6,8],[2,5,7,9],[2,5,8,9],[3,4,5,8],[3,4,6,9],[3,4,7,8],[3,4,7,9],[3,5,6,9],[3,5,7,8],[3,5,7,9],[4,5,6,7],[4,5,6,9],[4,5,8,9],[4,6,7,8],[5,6,7,8]]

7020_3=[[1,2,3,4],[1,2,3,5],[1,2,4,5],[1,3,4,5],[2,3,4,6],[2,3,5,7],[2,3,6,7],[2,4,5,8],[2,4,6,7],[2,4,7,9],[2,4,8,9],[2,5,7,8],[2,7,8,9],[3,4,5,9],[3,4,6,8],[3,4,7,8],[3,4,7,9],[3,5,7,9],[3,6,7,8],[4,5,6,7],[4,5,6,9],[4,5,7,8],[4,6,8,9],[5,6,7,9],[6,7,8,9]]

7020_4=[[1,2,3,4],[1,2,3,5],[1,2,4,5],[1,3,4,6],[1,3,5,6],[1,4,5,6],[2,3,4,6],[2,3,5,7],[2,3,6,7],[2,4,5,8],[2,4,6,8],[2,5,6,7],[2,5,6,9],[2,5,8,9],[2,6,8,9],[3,5,6,8],[3,5,7,9],[3,5,8,9],[3,6,7,9],[3,6,8,9],[4,5,6,9],[4,5,7,8],[4,5,7,9],[4,6,7,8],[4,6,7,9],[5,6,7,8]]

7020_5=[[1,2,3,4],[1,2,3,5],[1,2,4,5],[1,3,4,6],[1,3,5,6],[1,4,5,6],[2,3,4,6],[2,3,5,7],[2,3,6,8],[2,3,7,9],[2,3,8,9],[2,4,5,8],[2,4,6,9],[2,4,7,8],[2,4,7,9],[2,5,6,7],[2,5,6,9],[2,5,8,9],[2,6,7,8],[3,5,6,7],[3,6,7,9],[3,6,8,9],[4,5,6,8],[4,6,7,8],[4,6,7,9],[5,6,8,9]]

7020_6=[[1,2,3,4],[1,2,3,5],[1,2,4,5],[1,3,4,6],[1,3,5,6],[1,4,5,6],[2,3,4,7],[2,3,5,7],[2,4,5,8],[2,4,6,7],[2,4,6,9],[2,4,8,9],[2,5,6,7],[2,5,6,9],[2,5,8,9],[3,4,5,7],[3,4,5,9],[3,4,6,8],[3,4,8,9],[3,5,6,8],[3,5,8,9],[4,5,6,9],[4,5,7,8],[4,6,7,8],[5,6,7,8]]

7020_7=[[1,2,3,4],[1,2,3,5],[1,2,4,5],[1,3,4,6],[1,3,5,6],[1,4,5,6],[2,3,4,7],[2,3,5,7],[2,4,5,8],[2,4,6,7],[2,4,6,9],[2,4,8,9],[2,5,6,7],[2,5,6,9],[2,5,8,9],[3,4,6,8],[3,4,7,9],[3,4,8,9],[3,5,6,8],[3,5,7,9],[3,5,8,9],[4,5,6,9],[4,5,7,8],[4,5,7,9],[4,6,7,8],[5,6,7,8]]

7020_8=[[1,2,3,4],[1,2,3,5],[1,2,4,5],[1,3,4,6],[1,3,5,6],[1,4,5,6],[2,3,4,7],[2,3,5,7],[2,4,5,8],[2,4,6,7],[2,4,6,9],[2,4,8,9],[2,5,7,8],[2,6,7,9],[2,7,8,9],[3,4,6,8],[3,4,7,9],[3,4,8,9],[3,5,6,7],[3,6,7,8],[3,7,8,9],[4,5,6,9],[4,5,7,8],[4,5,7,9],[4,6,7,8],[5,6,7,9]]

7020_9=[[1,2,3,4],[1,2,3,5],[1,2,4,5],[1,3,4,6],[1,3,5,6],[1,4,5,6],[2,3,4,7],[2,3,5,7],[2,4,5,8],[2,4,6,7],[2,4,6,9],[2,4,8,9],[2,5,7,9],[2,5,8,9],[2,6,7,9],[3,4,5,7],[3,4,5,9],[3,4,6,8],[3,4,8,9],[3,5,6,8],[3,5,8,9],[4,5,6,9],[4,5,7,8],[4,6,7,8],[5,6,7,8],[5,6,7,9]]

7020_10=[[1,2,3,4],[1,2,3,5],[1,2,4,5],[1,3,4,6],[1,3,5,6],[1,4,5,6],[2,3,4,7],[2,3,5,7],[2,4,5,8],[2,4,6,8],[2,4,6,9],[2,4,7,9],[2,5,7,8],[2,6,7,8],[2,6,7,9],[3,4,6,9],[3,4,7,8],[3,4,8,9],[3,5,6,7],[3,6,7,9],[3,7,8,9],[4,5,6,7],[4,5,7,9],[4,5,8,9],[4,6,7,8],[5,7,8,9]]

7020_11=[[1,2,3,4],[1,2,3,5],[1,2,4,5],[1,3,4,6],[1,3,5,6],[1,4,5,6],[2,3,4,7],[2,3,5,7],[2,4,5,8],[2,4,7,9],[2,4,8,9],[2,5,7,9],[2,5,8,9],[3,4,5,7],[3,4,5,9],[3,4,6,8],[3,4,8,9],[3,5,6,8],[3,5,8,9],[4,5,6,9],[4,5,7,8],[4,6,7,8],[4,6,7,9],[5,6,7,8],[5,6,7,9]]

7020_12=[[1,2,3,4],[1,2,3,5],[1,2,4,5],[1,3,4,6],[1,3,5,6],[1,4,5,6],[2,3,4,7],[2,3,5,8],[2,3,6,7],[2,3,6,9],[2,3,8,9],[2,4,5,9],[2,4,6,8],[2,4,6,9],[2,4,7,8],[2,5,6,7],[2,5,6,8],[2,5,7,9],[2,7,8,9],[3,4,6,7],[3,5,6,8],[3,6,8,9],[4,5,6,9],[4,6,7,8],[5,6,7,9],[6,7,8,9]]

7020_13=[[1,2,3,4],[1,2,3,5],[1,2,4,5],[1,3,4,6],[1,3,5,6],[1,4,5,7],[1,4,6,7],[1,5,6,7],[2,3,4,6],[2,3,5,7],[2,3,6,7],[2,4,5,6],[2,5,6,8],[2,5,7,8],[2,6,7,8],[3,5,6,8],[3,5,7,9],[3,5,8,9],[3,6,7,9],[3,6,8,9],[4,5,6,9],[4,5,7,8],[4,5,8,9],[4,6,7,8],[4,6,8,9],[5,6,7,9]]

7020_14=[[1,2,3,4],[1,2,3,5],[1,2,4,5],[1,3,4,6],[1,3,5,6],[1,4,5,7],[1,4,6,7],[1,5,6,7],[2,3,4,6],[2,3,5,7],[2,3,6,7],[2,4,5,8],[2,4,6,8],[2,5,6,8],[2,5,6,9],[2,5,7,9],[2,6,7,9],[3,5,6,9],[3,5,7,8],[3,5,8,9],[3,6,7,8],[3,6,8,9],[4,5,7,9],[4,5,8,9],[4,6,7,9],[4,6,8,9],[5,6,7,8]]

7020_15=[[1,2,3,4],[1,2,3,5],[1,2,4,5],[1,3,4,6],[1,3,5,6],[1,4,5,7],[1,4,6,7],[1,5,6,7],[2,3,4,6],[2,3,5,7],[2,3,6,8],[2,3,7,8],[2,4,5,6],[2,5,6,9],[2,5,7,9],[2,6,7,8],[2,6,7,9],[3,5,6,9],[3,5,7,8],[3,5,8,9],[3,6,8,9],[4,5,6,8],[4,5,7,9],[4,5,8,9],[4,6,7,9],[4,6,8,9],[5,6,7,8]]

7020_16=[[1,2,3,4],[1,2,3,5],[1,2,4,5],[1,3,4,6],[1,3,5,6],[1,4,5,7],[1,4,6,7],[1,5,6,7],[2,3,4,6],[2,3,5,7],[2,3,6,8],[2,3,7,9],[2,3,8,9],[2,4,5,9],[2,4,6,7],[2,4,7,8],[2,4,8,9],[2,5,6,8],[2,5,6,9],[2,5,7,8],[2,6,7,9],[3,5,6,8],[3,5,7,9],[3,5,8,9],[4,5,7,8],[4,5,8,9],[5,6,7,9]]

7020_17=[[1,2,3,4],[1,2,3,5],[1,2,4,5],[1,3,4,6],[1,3,5,6],[1,4,5,7],[1,4,6,7],[1,5,6,7],[2,3,4,6],[2,3,5,8],[2,3,6,7],[2,3,7,8],[2,4,5,6],[2,5,6,9],[2,5,7,8],[2,5,7,9],[2,6,7,9],[3,5,6,9],[3,5,8,9],[3,6,7,8],[3,6,8,9],[4,5,6,8],[4,5,7,9],[4,5,8,9],[4,6,7,9],[4,6,8,9],[5,6,7,8]]

7020_18=[[1,2,3,4],[1,2,3,5],[1,2,4,5],[1,3,4,6],[1,3,5,6],[1,4,5,7],[1,4,6,7],[1,5,6,7],[2,3,4,6],[2,3,5,8],[2,3,6,7],[2,3,7,9],[2,3,8,9],[2,4,5,7],[2,4,6,9],[2,4,7,8],[2,4,8,9],[2,5,6,8],[2,5,6,9],[2,5,7,9],[2,6,7,8],[3,5,6,8],[3,6,7,9],[3,6,8,9],[4,6,7,8],[4,6,8,9],[5,6,7,9]]

7020_19=[[1,2,3,4],[1,2,3,5],[1,2,4,5],[1,3,4,6],[1,3,5,6],[1,4,5,7],[1,4,6,7],[1,5,6,7],[2,3,4,6],[2,3,5,8],[2,3,6,8],[2,4,5,6],[2,5,6,9],[2,5,7,8],[2,5,7,9],[2,6,7,8],[2,6,7,9],[3,5,6,9],[3,5,8,9],[3,6,8,9],[4,5,6,8],[4,5,7,9],[4,5,8,9],[4,6,7,9],[4,6,8,9],[5,6,7,8]]

7020_20=[[1,2,3,4],[1,2,3,5],[1,2,4,5],[1,3,4,6],[1,3,5,6],[1,4,5,7],[1,4,6,7],[1,5,6,7],[2,3,4,6],[2,3,5,8],[2,3,6,8],[2,4,5,9],[2,4,6,9],[2,5,6,7],[2,5,6,8],[2,5,7,9],[2,6,7,9],[3,5,6,9],[3,5,7,8],[3,5,7,9],[3,6,7,8],[3,6,7,9],[4,5,6,8],[4,5,6,9],[4,5,7,8],[4,6,7,8]]

7020_21=[[1,2,3,4],[1,2,3,5],[1,2,4,5],[1,3,4,6],[1,3,5,6],[1,4,5,7],[1,4,6,7],[1,5,6,7],[2,3,4,6],[2,3,5,8],[2,3,6,8],[2,4,5,9],[2,4,6,9],[2,5,6,7],[2,5,6,8],[2,5,7,9],[2,6,7,9],[3,5,6,9],[3,5,7,8],[3,5,7,9],[3,6,7,8],[3,6,7,9],[4,5,7,8],[4,5,8,9],[4,6,7,8],[4,6,8,9],[5,6,8,9]]

7020_22=[[1,2,3,4],[1,2,3,5],[1,2,4,5],[1,3,4,6],[1,3,5,6],[1,4,5,7],[1,4,6,7],[1,5,6,7],[2,3,4,6],[2,3,5,8],[2,3,6,8],[2,4,5,9],[2,4,6,9],[2,5,6,7],[2,5,6,8],[2,5,7,9],[2,6,7,9],[3,5,6,9],[3,5,7,8],[3,5,7,9],[3,6,8,9],[3,7,8,9],[4,5,6,8],[4,5,6,9],[4,5,7,8],[4,6,7,8],[6,7,8,9]]

7020_23=[[1,2,3,4],[1,2,3,5],[1,2,4,5],[1,3,4,6],[1,3,5,6],[1,4,5,7],[1,4,6,7],[1,5,6,7],[2,3,4,6],[2,3,5,8],[2,3,6,8],[2,4,5,9],[2,4,6,9],[2,5,6,7],[2,5,6,8],[2,5,7,9],[2,6,7,9],[3,5,6,9],[3,5,8,9],[3,6,7,8],[3,6,7,9],[3,7,8,9],[4,5,6,8],[4,5,6,9],[4,5,7,8],[4,6,7,8],[5,7,8,9]]

7020_24=[[1,2,3,4],[1,2,3,5],[1,2,4,5],[1,3,4,6],[1,3,5,6],[1,4,5,7],[1,4,6,7],[1,5,6,7],[2,3,4,6],[2,3,5,8],[2,3,6,8],[2,4,5,9],[2,4,6,9],[2,5,6,7],[2,5,6,8],[2,5,7,9],[2,6,7,9],[3,5,6,9],[3,5,8,9],[3,6,8,9],[4,5,6,8],[4,5,6,9],[4,5,7,8],[4,6,7,8],[5,7,8,9],[6,7,8,9]]

7020_25=[[1,2,3,4],[1,2,3,5],[1,2,4,5],[1,3,4,6],[1,3,5,6],[1,4,5,7],[1,4,6,7],[1,5,6,7],[2,3,4,6],[2,3,5,8],[2,3,6,9],[2,3,7,8],[2,3,7,9],[2,4,5,7],[2,4,6,8],[2,4,7,9],[2,4,8,9],[2,5,6,7],[2,5,6,9],[2,5,8,9],[2,6,7,8],[3,5,6,8],[3,6,7,8],[3,6,7,9],[4,6,7,9],[4,6,8,9],[5,6,8,9]]

7020_26=[[1,2,3,4],[1,2,3,5],[1,2,4,5],[1,3,4,6],[1,3,5,6],[1,4,5,7],[1,4,6,7],[1,5,6,7],[2,3,4,6],[2,3,5,8],[2,3,6,9],[2,3,7,8],[2,3,7,9],[2,4,5,9],[2,4,6,7],[2,4,7,8],[2,4,8,9],[2,5,6,7],[2,5,6,8],[2,5,7,9],[2,6,8,9],[3,5,6,9],[3,5,7,8],[3,5,7,9],[4,5,7,8],[4,5,8,9],[5,6,8,9]]

7020_27=[[1,2,3,4],[1,2,3,5],[1,2,4,5],[1,3,4,6],[1,3,5,6],[1,4,5,7],[1,4,6,7],[1,5,6,7],[2,3,4,7],[2,3,5,7],[2,4,5,6],[2,4,6,8],[2,4,7,8],[2,5,6,8],[2,5,7,8],[3,4,6,8],[3,4,7,9],[3,4,8,9],[3,5,6,8],[3,5,7,9],[3,5,8,9],[4,5,6,9],[4,5,7,8],[4,5,8,9],[4,6,7,9],[5,6,7,9]]

7020_28=[[1,2,3,4],[1,2,3,5],[1,2,4,5],[1,3,4,6],[1,3,5,6],[1,4,5,7],[1,4,6,7],[1,5,6,7],[2,3,4,7],[2,3,5,7],[2,4,5,8],[2,4,6,8],[2,4,6,9],[2,4,7,9],[2,5,6,8],[2,5,6,9],[2,5,7,9],[3,4,5,8],[3,4,5,9],[3,4,6,9],[3,4,7,8],[3,5,6,9],[3,5,7,8],[4,5,7,9],[4,6,7,8],[5,6,7,8]]

7020_29=[[1,2,3,4],[1,2,3,5],[1,2,4,5],[1,3,4,6],[1,3,5,6],[1,4,5,7],[1,4,6,7],[1,5,6,7],[2,3,4,7],[2,3,5,7],[2,4,5,8],[2,4,6,8],[2,4,6,9],[2,4,7,9],[2,5,6,8],[2,5,6,9],[2,5,7,9],[3,4,6,9],[3,4,7,8],[3,4,8,9],[3,5,6,9],[3,5,7,8],[3,5,8,9],[4,5,7,9],[4,5,8,9],[4,6,7,8],[5,6,7,8]]

7020_30=[[1,2,3,4],[1,2,3,5],[1,2,4,5],[1,3,4,6],[1,3,5,6],[1,4,5,7],[1,4,6,7],[1,5,6,7],[2,3,4,7],[2,3,5,7],[2,4,5,8],[2,4,6,8],[2,4,6,9],[2,4,7,9],[2,5,7,9],[2,5,8,9],[2,6,8,9],[3,4,5,8],[3,4,5,9],[3,4,6,9],[3,4,7,8],[3,5,6,9],[3,5,7,8],[4,5,7,9],[4,6,7,8],[5,6,7,8],[5,6,8,9]]

7020_31=[[1,2,3,4],[1,2,3,5],[1,2,4,5],[1,3,4,6],[1,3,5,6],[1,4,5,7],[1,4,6,7],[1,5,6,7],[2,3,4,7],[2,3,5,7],[2,4,5,8],[2,4,7,9],[2,4,8,9],[2,5,7,9],[2,5,8,9],[3,4,5,6],[3,4,5,8],[3,4,7,8],[3,5,7,8],[4,5,6,9],[4,5,7,9],[4,6,7,8],[4,6,8,9],[5,6,7,8],[5,6,8,9]]

7020_32=[[1,2,3,4],[1,2,3,5],[1,2,4,5],[1,3,4,6],[1,3,5,6],[1,4,5,7],[1,4,6,7],[1,5,6,7],[2,3,4,7],[2,3,5,7],[2,4,5,8],[2,4,7,9],[2,4,8,9],[2,5,7,9],[2,5,8,9],[3,4,5,8],[3,4,5,9],[3,4,6,9],[3,4,7,8],[3,5,6,9],[3,5,7,8],[4,5,7,9],[4,6,7,8],[4,6,8,9],[5,6,7,8],[5,6,8,9]]

7020_33=[[1,2,3,4],[1,2,3,5],[1,2,4,5],[1,3,4,6],[1,3,5,6],[1,4,5,7],[1,4,6,7],[1,5,6,7],[2,3,4,7],[2,3,5,8],[2,3,6,7],[2,3,6,9],[2,3,8,9],[2,4,5,7],[2,5,7,8],[2,6,7,9],[2,7,8,9],[3,4,6,8],[3,4,7,9],[3,4,8,9],[3,5,6,9],[3,5,7,8],[3,5,7,9],[3,6,7,8],[4,6,7,8],[4,7,8,9],[5,6,7,9]]

7020_34=[[1,2,3,4],[1,2,3,5],[1,2,4,5],[1,3,4,6],[1,3,5,6],[1,4,5,7],[1,4,6,7],[1,5,6,7],[2,3,4,7],[2,3,5,8],[2,3,7,8],[2,4,5,6],[2,4,6,9],[2,4,7,9],[2,5,6,9],[2,5,7,8],[2,5,7,9],[3,4,6,9],[3,4,7,8],[3,4,8,9],[3,5,6,9],[3,5,8,9],[4,5,6,8],[4,5,7,9],[4,5,8,9],[4,6,7,8],[5,6,7,8]]

7020_35=[[1,2,3,4],[1,2,3,5],[1,2,4,5],[1,3,4,6],[1,3,5,6],[1,4,5,7],[1,4,6,7],[1,5,6,7],[2,3,4,7],[2,3,5,8],[2,3,7,8],[2,4,5,6],[2,4,6,9],[2,4,7,9],[2,5,6,9],[2,5,8,9],[2,7,8,9],[3,4,5,8],[3,4,5,9],[3,4,6,9],[3,4,7,8],[3,5,6,9],[4,5,6,8],[4,5,7,9],[4,6,7,8],[5,6,7,8],[5,7,8,9]]

7020_36=[[1,2,3,4],[1,2,3,5],[1,2,4,5],[1,3,4,6],[1,3,5,6],[1,4,5,7],[1,4,6,7],[1,5,6,7],[2,3,4,7],[2,3,5,8],[2,3,7,8],[2,4,5,8],[2,4,6,8],[2,4,6,9],[2,4,7,9],[2,6,8,9],[2,7,8,9],[3,4,6,9],[3,4,7,8],[3,4,8,9],[3,5,6,8],[3,6,8,9],[4,5,7,9],[4,5,8,9],[4,6,7,8],[5,6,7,8],[5,7,8,9]]

7020_37=[[1,2,3,4],[1,2,3,5],[1,2,4,5],[1,3,4,6],[1,3,5,6],[1,4,5,7],[1,4,6,7],[1,5,6,7],[2,3,4,7],[2,3,5,8],[2,3,7,8],[2,4,5,9],[2,4,6,8],[2,4,6,9],[2,4,7,8],[2,5,6,8],[2,5,6,9],[3,4,5,6],[3,4,5,9],[3,4,7,9],[3,5,8,9],[3,7,8,9],[4,5,6,8],[4,5,7,8],[4,6,7,9],[5,6,7,9],[5,7,8,9]]

7020_38=[[1,2,3,4],[1,2,3,5],[1,2,4,5],[1,3,4,6],[1,3,5,6],[1,4,5,7],[1,4,6,7],[1,5,6,7],[2,3,4,7],[2,3,5,8],[2,3,7,8],[2,4,5,9],[2,4,6,8],[2,4,6,9],[2,4,7,8],[2,5,8,9],[2,6,8,9],[3,4,5,6],[3,4,5,9],[3,4,7,9],[3,5,7,8],[3,5,7,9],[4,5,6,8],[4,5,7,8],[4,6,7,9],[5,6,7,9],[5,6,8,9]]

7020_39=[[1,2,3,4],[1,2,3,5],[1,2,4,5],[1,3,4,6],[1,3,5,6],[1,4,5,7],[1,4,6,7],[1,5,6,7],[2,3,4,7],[2,3,5,8],[2,3,7,8],[2,4,5,9],[2,4,6,8],[2,4,6,9],[2,4,7,8],[2,5,8,9],[2,6,8,9],[3,4,6,8],[3,4,7,9],[3,4,8,9],[3,5,6,8],[3,7,8,9],[4,5,7,8],[4,5,8,9],[4,6,7,9],[5,6,7,8],[6,7,8,9]]

7020_40=[[1,2,3,4],[1,2,3,5],[1,2,4,5],[1,3,4,6],[1,3,5,6],[1,4,5,7],[1,4,6,7],[1,5,6,7],[2,3,4,7],[2,3,5,8],[2,3,7,8],[2,4,5,9],[2,4,7,8],[2,4,8,9],[2,5,6,8],[2,5,6,9],[2,6,8,9],[3,4,5,6],[3,4,5,9],[3,4,7,9],[3,5,7,8],[3,5,7,9],[4,5,6,8],[4,5,7,8],[4,6,7,9],[4,6,8,9],[5,6,7,9]]

7020_41=[[1,2,3,4],[1,2,3,5],[1,2,4,5],[1,3,4,6],[1,3,5,6],[1,4,5,7],[1,4,6,7],[1,5,6,7],[2,3,4,7],[2,3,5,8],[2,3,7,8],[2,4,5,9],[2,4,7,8],[2,4,8,9],[2,5,8,9],[3,4,5,6],[3,4,5,9],[3,4,7,9],[3,5,7,8],[3,5,7,9],[4,5,6,8],[4,5,7,8],[4,6,7,9],[4,6,8,9],[5,6,7,9],[5,6,8,9]]

7020_42=[[1,2,3,4],[1,2,3,5],[1,2,4,5],[1,3,4,6],[1,3,5,6],[1,4,5,7],[1,4,6,7],[1,5,6,7],[2,3,4,8],[2,3,5,8],[2,4,5,6],[2,4,6,9],[2,4,7,8],[2,4,7,9],[2,5,6,9],[2,5,7,8],[2,5,7,9],[3,4,5,7],[3,4,5,8],[3,4,6,9],[3,4,7,9],[3,5,6,9],[3,5,7,9],[4,5,6,8],[4,6,7,8],[5,6,7,8]]

7020_43=[[1,2,3,4],[1,2,3,5],[1,2,4,5],[1,3,4,6],[1,3,5,6],[1,4,5,7],[1,4,6,7],[1,5,6,7],[2,3,4,8],[2,3,5,8],[2,4,5,6],[2,4,6,9],[2,4,7,8],[2,4,7,9],[2,5,6,9],[2,5,7,8],[2,5,7,9],[3,4,5,8],[3,4,5,9],[3,4,6,9],[3,5,6,9],[4,5,6,8],[4,5,7,9],[4,6,7,8],[5,6,7,8]]

7020_44=[[1,2,3,4],[1,2,3,5],[1,2,4,5],[1,3,4,6],[1,3,5,6],[1,4,5,7],[1,4,6,7],[1,5,6,7],[2,3,4,8],[2,3,5,8],[2,4,5,6],[2,4,6,9],[2,4,7,8],[2,4,7,9],[2,5,6,9],[2,5,7,8],[2,5,7,9],[3,4,6,9],[3,4,8,9],[3,5,6,9],[3,5,8,9],[4,5,6,8],[4,5,7,9],[4,5,8,9],[4,6,7,8],[5,6,7,8]]

7020_45=[[1,2,3,4],[1,2,3,5],[1,2,4,5],[1,3,4,6],[1,3,5,6],[1,4,5,7],[1,4,6,7],[1,5,6,7],[2,3,4,8],[2,3,5,8],[2,4,5,6],[2,4,6,9],[2,4,7,8],[2,4,7,9],[2,5,6,9],[2,5,8,9],[2,7,8,9],[3,4,5,7],[3,4,5,8],[3,4,6,9],[3,4,7,9],[3,5,6,9],[3,5,7,9],[4,5,6,8],[4,6,7,8],[5,6,7,8],[5,7,8,9]]

7020_46=[[1,2,3,4],[1,2,3,5],[1,2,4,5],[1,3,4,6],[1,3,5,6],[1,4,5,7],[1,4,6,7],[1,5,6,7],[2,3,4,8],[2,3,5,8],[2,4,5,6],[2,4,6,9],[2,4,7,8],[2,4,7,9],[2,5,6,9],[2,5,8,9],[2,7,8,9],[3,4,5,8],[3,4,5,9],[3,4,6,9],[3,5,6,9],[4,5,6,8],[4,5,7,9],[4,6,7,8],[5,6,7,8],[5,7,8,9]]

7020_47=[[1,2,3,4],[1,2,3,5],[1,2,4,5],[1,3,4,6],[1,3,5,6],[1,4,5,7],[1,4,6,7],[1,5,6,7],[2,3,4,8],[2,3,5,8],[2,4,5,6],[2,4,6,9],[2,4,8,9],[2,5,6,9],[2,5,8,9],[3,4,5,7],[3,4,5,8],[3,4,6,9],[3,4,7,9],[3,5,6,9],[3,5,7,9],[4,5,6,8],[4,6,7,8],[4,7,8,9],[5,6,7,8],[5,7,8,9]]

7020_48=[[1,2,3,4],[1,2,3,5],[1,2,4,5],[1,3,4,6],[1,3,5,6],[1,4,5,7],[1,4,6,7],[1,5,6,7],[2,3,4,8],[2,3,5,8],[2,4,5,6],[2,4,6,9],[2,4,8,9],[2,5,6,9],[2,5,8,9],[3,4,5,8],[3,4,5,9],[3,4,6,9],[3,5,6,9],[4,5,6,8],[4,5,7,9],[4,6,7,8],[4,7,8,9],[5,6,7,8],[5,7,8,9]]

7020_49=[[1,2,3,4],[1,2,3,5],[1,2,4,5],[1,3,4,6],[1,3,5,6],[1,4,5,7],[1,4,6,7],[1,5,6,7],[2,3,4,8],[2,3,5,8],[2,4,5,9],[2,4,6,8],[2,4,6,9],[2,5,6,8],[2,5,6,9],[3,4,5,6],[3,4,5,9],[3,4,7,8],[3,4,7,9],[3,5,8,9],[3,7,8,9],[4,5,6,8],[4,5,7,8],[4,6,7,9],[5,6,7,9],[5,7,8,9]]

7020_50=[[1,2,3,4],[1,2,3,5],[1,2,4,5],[1,3,4,6],[1,3,5,6],[1,4,5,7],[1,4,6,7],[1,5,6,8],[1,5,7,8],[1,6,7,8],[2,3,4,6],[2,3,5,7],[2,3,6,7],[2,4,5,6],[2,5,6,9],[2,5,7,9],[2,6,7,9],[3,5,6,9],[3,5,7,8],[3,5,8,9],[3,6,7,8],[3,6,8,9],[4,5,6,8],[4,5,7,9],[4,5,8,9],[4,6,7,9],[4,6,8,9]]

7020_51=[[1,2,3,4],[1,2,3,5],[1,2,4,5],[1,3,4,6],[1,3,5,6],[1,4,5,7],[1,4,6,7],[1,5,6,8],[1,5,7,8],[1,6,7,8],[2,3,4,6],[2,3,5,7],[2,3,6,7],[2,4,5,8],[2,4,6,8],[2,5,6,8],[2,5,6,9],[2,5,7,9],[2,6,7,9],[3,5,6,9],[3,5,7,8],[3,5,8,9],[3,6,7,8],[3,6,8,9],[4,5,7,9],[4,5,8,9],[4,6,7,9],[4,6,8,9]]

7020_52=[[1,2,3,4],[1,2,3,5],[1,2,4,5],[1,3,4,6],[1,3,5,6],[1,4,5,7],[1,4,6,7],[1,5,6,8],[1,5,7,8],[1,6,7,8],[2,3,4,6],[2,3,5,7],[2,3,6,7],[2,4,5,8],[2,4,6,9],[2,4,8,9],[2,5,6,7],[2,5,6,8],[2,6,8,9],[3,5,6,9],[3,5,7,8],[3,5,8,9],[3,6,7,8],[3,6,8,9],[4,5,7,9],[4,5,8,9],[4,6,7,9],[5,6,7,9]]

7020_53=[[1,2,3,4],[1,2,3,5],[1,2,4,5],[1,3,4,6],[1,3,5,6],[1,4,5,7],[1,4,6,7],[1,5,6,8],[1,5,7,8],[1,6,7,8],[2,3,4,6],[2,3,5,7],[2,3,6,7],[2,4,5,8],[2,4,6,9],[2,4,8,9],[2,5,6,7],[2,5,6,8],[2,6,8,9],[3,5,6,9],[3,5,7,8],[3,5,8,9],[3,6,7,9],[3,7,8,9],[4,5,6,7],[4,5,6,9],[4,5,8,9],[6,7,8,9]]

7020_54=[[1,2,3,4],[1,2,3,5],[1,2,4,5],[1,3,4,6],[1,3,5,6],[1,4,5,7],[1,4,6,7],[1,5,6,8],[1,5,7,8],[1,6,7,8],[2,3,4,6],[2,3,5,7],[2,3,6,7],[2,4,5,8],[2,4,6,9],[2,4,8,9],[2,5,6,7],[2,5,6,8],[2,6,8,9],[3,5,6,9],[3,5,7,9],[3,6,7,8],[3,6,8,9],[3,7,8,9],[4,5,6,7],[4,5,6,9],[4,5,8,9],[5,7,8,9]]

7020_55=[[1,2,3,4],[1,2,3,5],[1,2,4,5],[1,3,4,6],[1,3,5,6],[1,4,5,7],[1,4,6,7],[1,5,6,8],[1,5,7,8],[1,6,7,8],[2,3,4,6],[2,3,5,7],[2,3,6,7],[2,4,5,8],[2,4,6,9],[2,4,8,9],[2,5,6,7],[2,5,6,8],[2,6,8,9],[3,5,6,9],[3,5,7,9],[3,6,7,9],[4,5,6,7],[4,5,6,9],[4,5,8,9],[5,7,8,9],[6,7,8,9]]

7020_56=[[1,2,3,4],[1,2,3,5],[1,2,4,5],[1,3,4,6],[1,3,5,6],[1,4,5,7],[1,4,6,7],[1,5,6,8],[1,5,7,8],[1,6,7,8],[2,3,4,6],[2,3,5,7],[2,3,6,7],[2,4,5,9],[2,4,6,8],[2,4,8,9],[2,5,6,7],[2,5,6,8],[2,5,8,9],[3,5,6,9],[3,5,7,8],[3,5,8,9],[3,6,7,8],[3,6,8,9],[4,5,7,9],[4,6,7,9],[4,6,8,9],[5,6,7,9]]

7020_57=[[1,2,3,4],[1,2,3,5],[1,2,4,5],[1,3,4,6],[1,3,5,6],[1,4,5,7],[1,4,6,7],[1,5,6,8],[1,5,7,8],[1,6,7,8],[2,3,4,6],[2,3,5,7],[2,3,6,7],[2,4,5,9],[2,4,6,8],[2,4,8,9],[2,5,6,7],[2,5,6,8],[2,5,8,9],[3,5,6,9],[3,5,7,8],[3,5,8,9],[3,6,7,9],[3,7,8,9],[4,5,6,7],[4,5,6,9],[4,6,8,9],[6,7,8,9]]

7020_58=[[1,2,3,4],[1,2,3,5],[1,2,4,5],[1,3,4,6],[1,3,5,6],[1,4,5,7],[1,4,6,7],[1,5,6,8],[1,5,7,8],[1,6,7,8],[2,3,4,6],[2,3,5,7],[2,3,6,7],[2,4,5,9],[2,4,6,8],[2,4,8,9],[2,5,6,7],[2,5,6,8],[2,5,8,9],[3,5,6,9],[3,5,7,9],[3,6,7,8],[3,6,8,9],[3,7,8,9],[4,5,6,7],[4,5,6,9],[4,6,8,9],[5,7,8,9]]

7020_59=[[1,2,3,4],[1,2,3,5],[1,2,4,5],[1,3,4,6],[1,3,5,6],[1,4,5,7],[1,4,6,7],[1,5,6,8],[1,5,7,8],[1,6,7,8],[2,3,4,6],[2,3,5,7],[2,3,6,7],[2,4,5,9],[2,4,6,8],[2,4,8,9],[2,5,6,7],[2,5,6,8],[2,5,8,9],[3,5,6,9],[3,5,7,9],[3,6,7,9],[4,5,6,7],[4,5,6,9],[4,6,8,9],[5,7,8,9],[6,7,8,9]]

7020_60=[[1,2,3,4],[1,2,3,5],[1,2,4,5],[1,3,4,6],[1,3,5,6],[1,4,5,7],[1,4,6,7],[1,5,6,8],[1,5,7,8],[1,6,7,8],[2,3,4,6],[2,3,5,7],[2,3,6,7],[2,4,5,9],[2,4,6,9],[2,5,6,7],[2,5,6,8],[2,5,8,9],[2,6,8,9],[3,5,6,9],[3,5,7,8],[3,5,8,9],[3,6,7,8],[3,6,8,9],[4,5,7,9],[4,6,7,9],[5,6,7,9]]

7020_61=[[1,2,3,4],[1,2,3,5],[1,2,4,5],[1,3,4,6],[1,3,5,6],[1,4,5,7],[1,4,6,7],[1,5,6,8],[1,5,7,8],[1,6,7,8],[2,3,4,6],[2,3,5,7],[2,3,6,7],[2,4,5,9],[2,4,6,9],[2,5,6,7],[2,5,6,8],[2,5,8,9],[2,6,8,9],[3,5,6,9],[3,5,7,8],[3,5,8,9],[3,6,7,9],[3,7,8,9],[4,5,6,7],[4,5,6,9],[6,7,8,9]]

7020_62=[[1,2,3,4],[1,2,3,5],[1,2,4,5],[1,3,4,6],[1,3,5,6],[1,4,5,7],[1,4,6,7],[1,5,6,8],[1,5,7,8],[1,6,7,8],[2,3,4,6],[2,3,5,7],[2,3,6,7],[2,4,5,9],[2,4,6,9],[2,5,6,7],[2,5,6,8],[2,5,8,9],[2,6,8,9],[3,5,6,9],[3,5,7,9],[3,6,7,8],[3,6,8,9],[3,7,8,9],[4,5,6,7],[4,5,6,9],[5,7,8,9]]

7020_63=[[1,2,3,4],[1,2,3,5],[1,2,4,5],[1,3,4,6],[1,3,5,6],[1,4,5,7],[1,4,6,7],[1,5,6,8],[1,5,7,8],[1,6,7,8],[2,3,4,6],[2,3,5,7],[2,3,6,8],[2,3,7,8],[2,4,5,6],[2,5,6,9],[2,5,7,9],[2,6,7,8],[2,6,7,9],[3,5,6,9],[3,5,7,8],[3,5,8,9],[3,6,8,9],[4,5,6,8],[4,5,7,9],[4,5,8,9],[4,6,7,9],[4,6,8,9]]

7020_64=[[1,2,3,4],[1,2,3,5],[1,2,4,5],[1,3,4,6],[1,3,5,6],[1,4,5,7],[1,4,6,7],[1,5,6,8],[1,5,7,8],[1,6,7,8],[2,3,4,6],[2,3,5,7],[2,3,6,9],[2,3,7,8],[2,3,8,9],[2,4,5,6],[2,5,6,7],[2,6,7,8],[2,6,8,9],[3,5,6,9],[3,5,7,8],[3,5,8,9],[4,5,6,8],[4,5,7,9],[4,5,8,9],[4,6,7,9],[4,6,8,9],[5,6,7,9]]

7020_65=[[1,2,3,4],[1,2,3,5],[1,2,4,5],[1,3,4,6],[1,3,5,6],[1,4,5,7],[1,4,6,7],[1,5,6,8],[1,5,7,8],[1,6,7,8],[2,3,4,6],[2,3,5,7],[2,3,6,9],[2,3,7,8],[2,3,8,9],[2,4,5,8],[2,4,6,7],[2,4,7,9],[2,4,8,9],[2,5,6,8],[2,5,6,9],[2,5,7,9],[2,6,7,8],[3,5,6,9],[3,5,7,8],[3,5,8,9],[4,5,7,9],[4,5,8,9]]

7020_66=[[1,2,3,4],[1,2,3,5],[1,2,4,5],[1,3,4,6],[1,3,5,6],[1,4,5,7],[1,4,6,7],[1,5,6,8],[1,5,7,8],[1,6,7,8],[2,3,4,6],[2,3,5,7],[2,3,6,9],[2,3,7,9],[2,4,5,8],[2,4,6,8],[2,5,6,7],[2,5,6,8],[2,6,7,9],[3,5,6,9],[3,5,7,8],[3,5,8,9],[3,7,8,9],[4,5,6,7],[4,5,6,9],[4,5,8,9],[4,6,8,9],[6,7,8,9]]

7020_67=[[1,2,3,4],[1,2,3,5],[1,2,4,5],[1,3,4,6],[1,3,5,6],[1,4,5,7],[1,4,6,7],[1,5,6,8],[1,5,7,8],[1,6,7,8],[2,3,4,6],[2,3,5,7],[2,3,6,9],[2,3,7,9],[2,4,5,8],[2,4,6,8],[2,5,6,7],[2,5,6,8],[2,6,7,9],[3,5,6,9],[3,5,7,9],[4,5,6,7],[4,5,6,9],[4,5,8,9],[4,6,8,9],[5,7,8,9],[6,7,8,9]]

7020_68=[[1,2,3,4],[1,2,3,5],[1,2,4,5],[1,3,4,6],[1,3,5,6],[1,4,5,7],[1,4,6,7],[1,5,6,8],[1,5,7,8],[1,6,7,8],[2,3,4,6],[2,3,5,8],[2,3,6,7],[2,3,7,8],[2,4,5,6],[2,5,6,9],[2,5,7,8],[2,5,7,9],[2,6,7,9],[3,5,6,9],[3,5,8,9],[3,6,7,8],[3,6,8,9],[4,5,6,8],[4,5,7,9],[4,5,8,9],[4,6,7,9],[4,6,8,9]]

7020_69=[[1,2,3,4],[1,2,3,5],[1,2,4,5],[1,3,4,6],[1,3,5,6],[1,4,5,7],[1,4,6,7],[1,5,6,8],[1,5,7,8],[1,6,7,8],[2,3,4,6],[2,3,5,8],[2,3,6,8],[2,4,5,6],[2,5,6,7],[2,5,7,8],[2,6,7,8],[3,5,6,7],[3,5,7,9],[3,5,8,9],[3,6,7,9],[3,6,8,9],[4,5,6,8],[4,5,7,9],[4,5,8,9],[4,6,7,9],[4,6,8,9]]

7020_70=[[1,2,3,4],[1,2,3,5],[1,2,4,5],[1,3,4,6],[1,3,5,6],[1,4,5,7],[1,4,6,7],[1,5,6,8],[1,5,7,8],[1,6,7,8],[2,3,4,6],[2,3,5,8],[2,3,6,8],[2,4,5,6],[2,5,6,9],[2,5,7,8],[2,5,7,9],[2,6,7,8],[2,6,7,9],[3,5,6,9],[3,5,8,9],[3,6,8,9],[4,5,6,8],[4,5,7,9],[4,5,8,9],[4,6,7,9],[4,6,8,9]]

7020_71=[[1,2,3,4],[1,2,3,5],[1,2,4,5],[1,3,4,6],[1,3,5,6],[1,4,5,7],[1,4,6,7],[1,5,6,8],[1,5,7,8],[1,6,7,8],[2,3,4,6],[2,3,5,8],[2,3,6,8],[2,4,5,9],[2,4,6,9],[2,5,6,7],[2,5,6,9],[2,5,7,8],[2,6,7,8],[3,5,6,7],[3,5,7,9],[3,5,8,9],[3,6,7,9],[3,6,8,9],[4,5,7,9],[4,6,7,9],[5,6,8,9]]

7020_72=[[1,2,3,4],[1,2,3,5],[1,2,4,5],[1,3,4,6],[1,3,5,6],[1,4,5,7],[1,4,6,7],[1,5,6,8],[1,5,7,8],[1,6,7,8],[2,3,4,6],[2,3,5,8],[2,3,6,9],[2,3,8,9],[2,4,5,6],[2,5,6,7],[2,5,7,8],[2,6,7,8],[2,6,8,9],[3,5,6,7],[3,5,7,9],[3,5,8,9],[3,6,7,9],[4,5,6,8],[4,5,7,9],[4,5,8,9],[4,6,7,9],[4,6,8,9]]

7020_73=[[1,2,3,4],[1,2,3,5],[1,2,4,5],[1,3,4,6],[1,3,5,6],[1,4,5,7],[1,4,6,7],[1,5,6,8],[1,5,7,8],[1,6,7,8],[2,3,4,6],[2,3,5,9],[2,3,6,7],[2,3,7,8],[2,3,8,9],[2,4,5,6],[2,5,6,7],[2,5,7,8],[2,5,8,9],[3,5,6,9],[3,6,7,8],[3,6,8,9],[4,5,6,8],[4,5,7,9],[4,5,8,9],[4,6,7,9],[4,6,8,9],[5,6,7,9]]

7020_74=[[1,2,3,4],[1,2,3,5],[1,2,4,5],[1,3,4,6],[1,3,5,6],[1,4,5,7],[1,4,6,7],[1,5,6,8],[1,5,7,8],[1,6,7,8],[2,3,4,6],[2,3,5,9],[2,3,6,7],[2,3,7,8],[2,3,8,9],[2,4,5,7],[2,4,6,8],[2,4,7,9],[2,4,8,9],[2,5,6,8],[2,5,6,9],[2,5,7,8],[2,6,7,9],[3,5,6,9],[3,6,7,8],[3,6,8,9],[4,6,7,9],[4,6,8,9]]

7020_75=[[1,2,3,4],[1,2,3,5],[1,2,4,5],[1,3,4,6],[1,3,5,6],[1,4,5,7],[1,4,6,7],[1,5,6,8],[1,5,7,8],[1,6,7,8],[2,3,4,6],[2,3,5,9],[2,3,6,7],[2,3,7,9],[2,4,5,8],[2,4,6,8],[2,5,6,7],[2,5,6,8],[2,5,7,9],[3,5,6,9],[3,6,7,8],[3,6,8,9],[3,7,8,9],[4,5,6,7],[4,5,6,9],[4,5,8,9],[4,6,8,9],[5,7,8,9]]

7020_76=[[1,2,3,4],[1,2,3,5],[1,2,4,5],[1,3,4,6],[1,3,5,6],[1,4,5,7],[1,4,6,7],[1,5,6,8],[1,5,7,8],[1,6,7,8],[2,3,4,6],[2,3,5,9],[2,3,6,7],[2,3,7,9],[2,4,5,8],[2,4,6,8],[2,5,6,7],[2,5,6,8],[2,5,7,9],[3,5,6,9],[3,6,7,9],[4,5,6,7],[4,5,6,9],[4,5,8,9],[4,6,8,9],[5,7,8,9],[6,7,8,9]]

7020_77=[[1,2,3,4],[1,2,3,5],[1,2,4,5],[1,3,4,6],[1,3,5,6],[1,4,5,7],[1,4,6,7],[1,5,6,8],[1,5,7,8],[1,6,7,8],[2,3,4,6],[2,3,5,9],[2,3,6,8],[2,3,8,9],[2,4,5,6],[2,5,6,7],[2,5,7,8],[2,5,8,9],[2,6,7,8],[3,5,6,7],[3,5,7,9],[3,6,7,9],[3,6,8,9],[4,5,6,8],[4,5,7,9],[4,5,8,9],[4,6,7,9],[4,6,8,9]]

7020_78=[[1,2,3,4],[1,2,3,5],[1,2,4,5],[1,3,4,6],[1,3,5,6],[1,4,5,7],[1,4,6,7],[1,5,6,8],[1,5,7,8],[1,6,7,8],[2,3,4,7],[2,3,5,6],[2,3,6,7],[2,4,5,9],[2,4,6,8],[2,4,6,9],[2,4,7,8],[2,5,6,9],[2,6,7,8],[3,4,6,8],[3,4,7,9],[3,4,8,9],[3,6,7,9],[3,6,8,9],[4,5,7,8],[4,5,8,9],[4,6,7,9],[5,6,8,9]]

7020_79=[[1,2,3,4],[1,2,3,5],[1,2,4,5],[1,3,4,6],[1,3,5,6],[1,4,5,7],[1,4,6,7],[1,5,6,8],[1,5,7,8],[1,6,7,8],[2,3,4,7],[2,3,5,7],[2,4,5,8],[2,4,7,8],[2,5,6,8],[2,5,6,9],[2,5,7,9],[2,6,7,8],[2,6,7,9],[3,4,6,7],[3,5,6,9],[3,5,7,8],[3,5,8,9],[3,6,7,9],[3,7,8,9],[4,5,7,9],[4,5,8,9],[4,7,8,9]]

7020_80=[[1,2,3,4],[1,2,3,5],[1,2,4,5],[1,3,4,6],[1,3,5,6],[1,4,5,7],[1,4,6,7],[1,5,6,8],[1,5,7,8],[1,6,7,8],[2,3,4,7],[2,3,5,7],[2,4,5,9],[2,4,7,9],[2,5,6,7],[2,5,6,8],[2,5,8,9],[2,6,7,8],[2,7,8,9],[3,4,6,7],[3,5,6,9],[3,5,7,8],[3,5,8,9],[3,6,7,9],[3,7,8,9],[4,5,7,9],[5,6,7,9]]

7020_81=[[1,2,3,4],[1,2,3,5],[1,2,4,5],[1,3,4,6],[1,3,5,6],[1,4,5,7],[1,4,6,7],[1,5,6,8],[1,5,7,8],[1,6,7,8],[2,3,4,7],[2,3,5,8],[2,3,7,8],[2,4,5,9],[2,4,6,8],[2,4,6,9],[2,4,7,8],[2,5,8,9],[2,6,8,9],[3,4,6,8],[3,4,7,9],[3,4,8,9],[3,5,6,8],[3,7,8,9],[4,5,7,8],[4,5,8,9],[4,6,7,9],[6,7,8,9]]

7020_82=[[1,2,3,4],[1,2,3,5],[1,2,4,5],[1,3,4,6],[1,3,5,6],[1,4,5,7],[1,4,6,7],[1,5,6,8],[1,5,7,8],[1,6,7,8],[2,3,4,7],[2,3,5,9],[2,3,6,7],[2,3,6,8],[2,3,8,9],[2,4,5,7],[2,5,7,9],[2,6,7,8],[2,7,8,9],[3,4,6,9],[3,4,7,8],[3,4,8,9],[3,5,6,8],[3,5,7,8],[3,5,7,9],[3,6,7,9],[4,6,7,9],[4,7,8,9]]

7020_83=[[1,2,3,4],[1,2,3,5],[1,2,4,5],[1,3,4,6],[1,3,5,6],[1,4,5,7],[1,4,6,7],[1,5,6,8],[1,5,7,8],[1,6,7,8],[2,3,4,8],[2,3,5,6],[2,3,6,7],[2,3,7,9],[2,3,8,9],[2,4,5,7],[2,4,6,8],[2,4,6,9],[2,4,7,9],[2,5,6,9],[2,5,7,8],[2,5,8,9],[2,6,7,8],[3,4,6,8],[3,6,7,9],[3,6,8,9],[4,6,7,9],[5,6,8,9]]

7020_84=[[1,2,3,4],[1,2,3,5],[1,2,4,5],[1,3,4,6],[1,3,5,6],[1,4,5,7],[1,4,6,7],[1,5,6,8],[1,5,7,8],[1,6,7,8],[2,3,4,8],[2,3,5,7],[2,3,6,7],[2,3,6,8],[2,4,5,9],[2,4,8,9],[2,5,6,7],[2,5,6,8],[2,5,8,9],[3,4,6,8],[3,5,6,9],[3,5,7,9],[3,6,7,9],[4,5,6,7],[4,5,6,9],[4,6,8,9],[5,7,8,9],[6,7,8,9]]

7020_85=[[1,2,3,4],[1,2,3,5],[1,2,4,5],[1,3,4,6],[1,3,5,6],[1,4,5,7],[1,4,6,7],[1,5,6,8],[1,5,7,8],[1,6,7,8],[2,3,4,8],[2,3,5,8],[2,4,5,9],[2,4,6,7],[2,4,6,8],[2,4,7,9],[2,5,7,8],[2,5,7,9],[2,6,7,8],[3,4,5,7],[3,4,5,8],[3,4,6,9],[3,4,7,9],[3,5,6,9],[3,5,7,9],[4,5,8,9],[4,6,8,9],[5,6,8,9]]

7020_86=[[1,2,3,4],[1,2,3,5],[1,2,4,5],[1,3,4,6],[1,3,5,6],[1,4,5,7],[1,4,6,7],[1,5,6,8],[1,5,7,8],[1,6,7,8],[2,3,4,8],[2,3,5,8],[2,4,5,9],[2,4,7,8],[2,4,7,9],[2,5,6,7],[2,5,6,9],[2,5,7,8],[2,6,7,9],[3,4,6,7],[3,4,7,8],[3,5,6,7],[3,5,7,9],[3,5,8,9],[3,7,8,9],[4,5,7,9],[5,6,8,9],[6,7,8,9]]

7020_87=[[1,2,3,4],[1,2,3,5],[1,2,4,5],[1,3,4,6],[1,3,5,6],[1,4,5,7],[1,4,6,7],[1,5,6,8],[1,5,7,8],[1,6,7,8],[2,3,4,8],[2,3,5,9],[2,3,6,7],[2,3,6,8],[2,3,7,9],[2,4,5,7],[2,4,6,7],[2,4,6,9],[2,4,8,9],[2,5,6,8],[2,5,6,9],[2,5,7,8],[2,7,8,9],[3,4,6,8],[3,5,6,9],[3,6,7,9],[4,6,8,9],[6,7,8,9]]

7020_88=[[1,2,3,4],[1,2,3,5],[1,2,4,5],[1,3,4,6],[1,3,5,6],[1,4,5,7],[1,4,6,7],[1,5,6,8],[1,5,7,8],[1,6,7,8],[2,3,4,8],[2,3,5,9],[2,3,6,7],[2,3,6,9],[2,3,7,8],[2,4,5,7],[2,4,7,8],[2,5,7,9],[2,6,7,9],[3,4,6,7],[3,4,7,9],[3,4,8,9],[3,5,6,8],[3,5,7,8],[3,5,7,9],[3,6,8,9],[4,7,8,9],[6,7,8,9]]

7020_89=[[1,2,3,4],[1,2,3,5],[1,2,4,5],[1,3,4,6],[1,3,5,6],[1,4,5,7],[1,4,6,7],[1,5,6,8],[1,5,7,8],[1,6,7,8],[2,3,4,8],[2,3,5,9],[2,3,6,8],[2,3,6,9],[2,4,5,8],[2,5,6,7],[2,5,6,8],[2,5,7,9],[2,6,7,9],[3,4,6,8],[3,5,6,9],[4,5,6,7],[4,5,6,9],[4,5,8,9],[4,6,8,9],[5,7,8,9],[6,7,8,9]]

7020_90=[[1,2,3,4],[1,2,3,5],[1,2,4,5],[1,3,4,6],[1,3,5,6],[1,4,5,7],[1,4,6,7],[1,5,6,8],[1,5,7,8],[1,6,7,8],[2,3,4,9],[2,3,5,7],[2,3,7,9],[2,4,5,8],[2,4,8,9],[2,5,6,8],[2,5,6,9],[2,5,7,9],[2,6,8,9],[3,4,6,9],[3,5,6,9],[3,5,7,8],[3,5,8,9],[3,7,8,9],[4,5,7,9],[4,5,8,9],[4,6,7,9],[6,7,8,9]]

7020_91=[[1,2,3,4],[1,2,3,5],[1,2,4,5],[1,3,4,6],[1,3,5,6],[1,4,5,7],[1,4,6,7],[1,5,6,8],[1,5,7,8],[1,6,7,9],[1,6,8,9],[1,7,8,9],[2,3,4,6],[2,3,5,7],[2,3,6,7],[2,4,5,8],[2,4,6,8],[2,5,6,7],[2,5,6,8],[3,5,6,9],[3,5,7,8],[3,5,8,9],[3,6,7,9],[3,7,8,9],[4,5,6,7],[4,5,6,9],[4,5,8,9],[4,6,8,9]]

7020_92=[[1,2,3,4],[1,2,3,5],[1,2,4,5],[1,3,4,6],[1,3,5,6],[1,4,5,7],[1,4,6,7],[1,5,6,8],[1,5,7,8],[1,6,7,9],[1,6,8,9],[1,7,8,9],[2,3,4,6],[2,3,5,7],[2,3,6,7],[2,4,5,8],[2,4,6,9],[2,4,8,9],[2,5,6,7],[2,5,6,8],[2,6,8,9],[3,5,6,9],[3,5,7,8],[3,5,8,9],[3,6,7,9],[3,7,8,9],[4,5,6,7],[4,5,6,9],[4,5,8,9]]

7020_93=[[1,2,3,4],[1,2,3,5],[1,2,4,5],[1,3,4,6],[1,3,5,6],[1,4,5,7],[1,4,6,7],[1,5,6,8],[1,5,7,8],[1,6,7,9],[1,6,8,9],[1,7,8,9],[2,3,4,6],[2,3,5,7],[2,3,6,7],[2,4,5,9],[2,4,6,8],[2,4,8,9],[2,5,6,7],[2,5,6,8],[2,5,8,9],[3,5,6,9],[3,5,7,8],[3,5,8,9],[3,6,7,9],[3,7,8,9],[4,5,6,7],[4,5,6,9],[4,6,8,9]]

7020_94=[[1,2,3,4],[1,2,3,5],[1,2,4,5],[1,3,4,6],[1,3,5,6],[1,4,5,7],[1,4,6,7],[1,5,6,8],[1,5,7,8],[1,6,7,9],[1,6,8,9],[1,7,8,9],[2,3,4,6],[2,3,5,7],[2,3,6,9],[2,3,7,9],[2,4,5,8],[2,4,6,8],[2,5,6,7],[2,5,6,8],[2,6,7,9],[3,5,6,9],[3,5,7,8],[3,5,8,9],[3,7,8,9],[4,5,6,7],[4,5,6,9],[4,5,8,9],[4,6,8,9]]

7020_95=[[1,2,3,4],[1,2,3,5],[1,2,4,5],[1,3,4,6],[1,3,5,6],[1,4,5,7],[1,4,6,7],[1,5,6,8],[1,5,7,8],[1,6,7,9],[1,6,8,9],[1,7,8,9],[2,3,4,7],[2,3,5,8],[2,3,7,8],[2,4,5,9],[2,4,6,8],[2,4,6,9],[2,4,7,8],[2,5,8,9],[2,6,8,9],[3,4,6,8],[3,4,7,9],[3,4,8,9],[3,5,6,8],[3,7,8,9],[4,5,7,8],[4,5,8,9],[4,6,7,9]]

7020_96=[[1,2,3,4],[1,2,3,5],[1,2,4,5],[1,3,4,6],[1,3,5,6],[1,4,5,7],[1,4,6,7],[1,5,6,8],[1,5,7,8],[1,6,7,9],[1,6,8,9],[1,7,8,9],[2,3,4,8],[2,3,5,9],[2,3,6,7],[2,3,6,8],[2,3,7,9],[2,4,5,7],[2,4,6,7],[2,4,6,9],[2,4,8,9],[2,5,6,8],[2,5,6,9],[2,5,7,8],[2,7,8,9],[3,4,6,8],[3,5,6,9],[3,6,7,9],[4,6,8,9]]

7020_97=[[1,2,3,4],[1,2,3,5],[1,2,4,5],[1,3,4,6],[1,3,5,6],[1,4,5,7],[1,4,6,7],[1,5,6,8],[1,5,7,9],[1,5,8,9],[1,6,7,8],[1,7,8,9],[2,3,4,6],[2,3,5,7],[2,3,6,7],[2,4,5,8],[2,4,6,8],[2,5,6,7],[2,5,6,8],[3,5,6,9],[3,5,7,9],[3,6,7,8],[3,6,8,9],[3,7,8,9],[4,5,6,7],[4,5,6,9],[4,5,8,9],[4,6,8,9]]

7020_98=[[1,2,3,4],[1,2,3,5],[1,2,4,5],[1,3,4,6],[1,3,5,6],[1,4,5,7],[1,4,6,7],[1,5,6,8],[1,5,7,9],[1,5,8,9],[1,6,7,8],[1,7,8,9],[2,3,4,6],[2,3,5,7],[2,3,6,7],[2,4,5,8],[2,4,6,9],[2,4,8,9],[2,5,6,7],[2,5,6,8],[2,6,8,9],[3,5,6,9],[3,5,7,9],[3,6,7,8],[3,6,8,9],[3,7,8,9],[4,5,6,7],[4,5,6,9],[4,5,8,9]]

7020_99=[[1,2,3,4],[1,2,3,5],[1,2,4,5],[1,3,4,6],[1,3,5,6],[1,4,5,7],[1,4,6,7],[1,5,6,8],[1,5,7,9],[1,5,8,9],[1,6,7,8],[1,7,8,9],[2,3,4,6],[2,3,5,7],[2,3,6,7],[2,4,5,9],[2,4,6,8],[2,4,8,9],[2,5,6,7],[2,5,6,8],[2,5,8,9],[3,5,6,9],[3,5,7,9],[3,6,7,8],[3,6,8,9],[3,7,8,9],[4,5,6,7],[4,5,6,9],[4,6,8,9]]

7020_100=[[1,2,3,4],[1,2,3,5],[1,2,4,5],[1,3,4,6],[1,3,5,6],[1,4,5,7],[1,4,6,7],[1,5,6,8],[1,5,7,9],[1,5,8,9],[1,6,7,8],[1,7,8,9],[2,3,4,6],[2,3,5,9],[2,3,6,7],[2,3,7,9],[2,4,5,8],[2,4,6,8],[2,5,6,7],[2,5,6,8],[2,5,7,9],[3,5,6,9],[3,6,7,8],[3,6,8,9],[3,7,8,9],[4,5,6,7],[4,5,6,9],[4,5,8,9],[4,6,8,9]]

7020_101=[[1,2,3,4],[1,2,3,5],[1,2,4,5],[1,3,4,6],[1,3,5,6],[1,4,5,7],[1,4,6,7],[1,5,6,8],[1,5,7,9],[1,5,8,9],[1,6,7,8],[1,7,8,9],[2,3,4,7],[2,3,5,8],[2,3,7,8],[2,4,5,6],[2,4,6,9],[2,4,7,9],[2,5,6,9],[2,5,8,9],[2,7,8,9],[3,4,5,8],[3,4,5,9],[3,4,6,9],[3,4,7,8],[3,5,6,9],[4,5,6,8],[4,5,7,9],[4,6,7,8]]

7020_102=[[1,2,3,4],[1,2,3,5],[1,2,4,5],[1,3,4,6],[1,3,5,6],[1,4,5,7],[1,4,6,7],[1,5,6,8],[1,5,7,9],[1,5,8,9],[1,6,7,8],[1,7,8,9],[2,3,4,7],[2,3,5,8],[2,3,7,8],[2,4,5,8],[2,4,6,8],[2,4,6,9],[2,4,7,9],[2,6,8,9],[2,7,8,9],[3,4,6,9],[3,4,7,8],[3,4,8,9],[3,5,6,8],[3,6,8,9],[4,5,7,9],[4,5,8,9],[4,6,7,8]]

7020_103=[[1,2,3,4],[1,2,3,5],[1,2,4,5],[1,3,4,6],[1,3,5,6],[1,4,5,7],[1,4,6,7],[1,5,6,8],[1,5,7,9],[1,5,8,9],[1,6,7,8],[1,7,8,9],[2,3,4,7],[2,3,5,9],[2,3,7,9],[2,4,5,8],[2,4,6,8],[2,4,6,9],[2,4,7,9],[2,5,6,8],[2,5,6,9],[3,4,5,6],[3,4,5,8],[3,4,7,8],[3,5,8,9],[3,7,8,9],[4,5,6,9],[4,5,7,9],[4,6,7,8]]

7020_104=[[1,2,3,4],[1,2,3,5],[1,2,4,5],[1,3,4,6],[1,3,5,6],[1,4,5,7],[1,4,6,7],[1,5,6,8],[1,5,7,9],[1,5,8,9],[1,6,7,8],[1,7,8,9],[2,3,4,8],[2,3,5,7],[2,3,6,7],[2,3,6,9],[2,3,8,9],[2,4,5,7],[2,4,7,8],[2,6,7,9],[2,7,8,9],[3,4,6,9],[3,4,7,8],[3,4,7,9],[3,5,6,8],[3,5,7,9],[3,5,8,9],[3,6,7,8],[4,6,7,9]]

7020_105=[[1,2,3,4],[1,2,3,5],[1,2,4,5],[1,3,4,6],[1,3,5,6],[1,4,5,7],[1,4,6,7],[1,5,6,8],[1,5,7,9],[1,5,8,9],[1,6,7,8],[1,7,8,9],[2,3,4,8],[2,3,5,8],[2,4,5,6],[2,4,6,9],[2,4,7,8],[2,4,7,9],[2,5,6,9],[2,5,8,9],[2,7,8,9],[3,4,5,7],[3,4,5,8],[3,4,6,9],[3,4,7,9],[3,5,6,9],[3,5,7,9],[4,5,6,8],[4,6,7,8]]

7020_106=[[1,2,3,4],[1,2,3,5],[1,2,4,5],[1,3,4,6],[1,3,5,6],[1,4,5,7],[1,4,6,7],[1,5,6,8],[1,5,7,9],[1,5,8,9],[1,6,7,8],[1,7,8,9],[2,3,4,8],[2,3,5,8],[2,4,5,6],[2,4,6,9],[2,4,7,8],[2,4,7,9],[2,5,6,9],[2,5,8,9],[2,7,8,9],[3,4,5,8],[3,4,5,9],[3,4,6,9],[3,5,6,9],[4,5,6,8],[4,5,7,9],[4,6,7,8]]

7020_107=[[1,2,3,4],[1,2,3,5],[1,2,4,5],[1,3,4,6],[1,3,5,6],[1,4,5,7],[1,4,6,7],[1,5,6,8],[1,5,7,9],[1,5,8,9],[1,6,7,8],[1,7,8,9],[2,3,4,8],[2,3,5,8],[2,4,5,9],[2,4,6,7],[2,4,6,8],[2,4,7,9],[2,5,8,9],[2,6,7,8],[2,7,8,9],[3,4,5,7],[3,4,5,8],[3,4,6,9],[3,4,7,9],[3,5,6,9],[3,5,7,9],[4,5,6,8],[4,5,6,9]]

7020_108=[[1,2,3,4],[1,2,3,5],[1,2,4,5],[1,3,4,6],[1,3,5,6],[1,4,5,7],[1,4,6,7],[1,5,6,8],[1,5,7,9],[1,5,8,9],[1,6,7,9],[1,6,8,9],[2,3,4,6],[2,3,5,7],[2,3,6,8],[2,3,7,8],[2,4,5,8],[2,4,6,8],[2,5,7,8],[3,5,6,9],[3,5,7,9],[3,6,7,8],[3,6,7,9],[4,5,6,7],[4,5,6,9],[4,5,8,9],[4,6,8,9],[5,6,7,8]]

7020_109=[[1,2,3,4],[1,2,3,5],[1,2,4,5],[1,3,4,6],[1,3,5,6],[1,4,5,7],[1,4,6,7],[1,5,6,8],[1,5,7,9],[1,5,8,9],[1,6,7,9],[1,6,8,9],[2,3,4,6],[2,3,5,7],[2,3,6,8],[2,3,7,8],[2,4,5,8],[2,4,6,9],[2,4,8,9],[2,5,7,8],[2,6,8,9],[3,5,6,9],[3,5,7,9],[3,6,7,8],[3,6,7,9],[4,5,6,7],[4,5,6,9],[4,5,8,9],[5,6,7,8]]

7020_110=[[1,2,3,4],[1,2,3,5],[1,2,4,5],[1,3,4,6],[1,3,5,6],[1,4,5,7],[1,4,6,7],[1,5,6,8],[1,5,7,9],[1,5,8,9],[1,6,7,9],[1,6,8,9],[2,3,4,6],[2,3,5,7],[2,3,6,8],[2,3,7,8],[2,4,5,9],[2,4,6,8],[2,4,8,9],[2,5,7,8],[2,5,8,9],[3,5,6,9],[3,5,7,9],[3,6,7,8],[3,6,7,9],[4,5,6,7],[4,5,6,9],[4,6,8,9],[5,6,7,8]]

7020_111=[[1,2,3,4],[1,2,3,5],[1,2,4,5],[1,3,4,6],[1,3,5,6],[1,4,5,7],[1,4,6,7],[1,5,6,8],[1,5,7,9],[1,5,8,9],[1,6,7,9],[1,6,8,9],[2,3,4,6],[2,3,5,7],[2,3,6,8],[2,3,7,8],[2,4,5,9],[2,4,6,9],[2,5,7,8],[2,5,8,9],[2,6,8,9],[3,5,6,7],[3,6,7,8],[4,5,6,8],[4,5,6,9],[4,5,7,8],[4,6,7,8],[5,6,7,9]]

7020_112=[[1,2,3,4],[1,2,3,5],[1,2,4,5],[1,3,4,6],[1,3,5,6],[1,4,5,7],[1,4,6,7],[1,5,6,8],[1,5,7,9],[1,5,8,9],[1,6,7,9],[1,6,8,9],[2,3,4,6],[2,3,5,7],[2,3,6,8],[2,3,7,8],[2,4,5,9],[2,4,6,9],[2,5,7,8],[2,5,8,9],[2,6,8,9],[3,5,6,9],[3,5,7,9],[3,6,7,8],[3,6,7,9],[4,5,6,8],[4,5,6,9],[4,5,7,8],[4,6,7,8]]

7020_113=[[1,2,3,4],[1,2,3,5],[1,2,4,5],[1,3,4,6],[1,3,5,6],[1,4,5,7],[1,4,6,7],[1,5,6,8],[1,5,7,9],[1,5,8,9],[1,6,7,9],[1,6,8,9],[2,3,4,6],[2,3,5,7],[2,3,6,9],[2,3,7,8],[2,3,8,9],[2,4,5,9],[2,4,6,9],[2,5,7,8],[2,5,8,9],[3,5,6,7],[3,6,7,8],[3,6,8,9],[4,5,6,8],[4,5,6,9],[4,5,7,8],[4,6,7,8],[5,6,7,9]]

7020_114=[[1,2,3,4],[1,2,3,5],[1,2,4,5],[1,3,4,6],[1,3,5,6],[1,4,5,7],[1,4,6,7],[1,5,6,8],[1,5,7,9],[1,5,8,9],[1,6,7,9],[1,6,8,9],[2,3,4,6],[2,3,5,8],[2,3,6,7],[2,3,7,8],[2,4,5,9],[2,4,6,9],[2,5,8,9],[2,6,7,8],[2,6,8,9],[3,5,6,9],[3,5,7,8],[3,5,7,9],[3,6,7,9],[4,5,6,8],[4,5,6,9],[4,5,7,8],[4,6,7,8]]

7020_115=[[1,2,3,4],[1,2,3,5],[1,2,4,5],[1,3,4,6],[1,3,5,6],[1,4,5,7],[1,4,6,7],[1,5,6,8],[1,5,7,9],[1,5,8,9],[1,6,7,9],[1,6,8,9],[2,3,4,6],[2,3,5,8],[2,3,6,8],[2,4,5,9],[2,4,6,9],[2,5,8,9],[2,6,8,9],[3,5,6,9],[3,5,7,8],[3,5,7,9],[3,6,7,8],[3,6,7,9],[4,5,6,7],[4,5,6,9],[5,6,7,8]]

7020_116=[[1,2,3,4],[1,2,3,5],[1,2,4,5],[1,3,4,6],[1,3,5,6],[1,4,5,7],[1,4,6,7],[1,5,6,8],[1,5,7,9],[1,5,8,9],[1,6,7,9],[1,6,8,9],[2,3,4,6],[2,3,5,8],[2,3,6,8],[2,4,5,9],[2,4,6,9],[2,5,8,9],[2,6,8,9],[3,5,6,9],[3,5,7,8],[3,5,7,9],[3,6,7,8],[3,6,7,9],[4,5,6,8],[4,5,6,9],[4,5,7,8],[4,6,7,8]]

7020_117=[[1,2,3,4],[1,2,3,5],[1,2,4,5],[1,3,4,6],[1,3,5,6],[1,4,5,7],[1,4,6,7],[1,5,6,8],[1,5,7,9],[1,5,8,9],[1,6,7,9],[1,6,8,9],[2,3,4,6],[2,3,5,8],[2,3,6,9],[2,3,8,9],[2,4,5,9],[2,4,6,9],[2,5,8,9],[3,5,6,7],[3,5,7,8],[3,6,7,8],[3,6,8,9],[4,5,6,8],[4,5,6,9],[4,5,7,8],[4,6,7,8],[5,6,7,9]]

7020_118=[[1,2,3,4],[1,2,3,5],[1,2,4,5],[1,3,4,6],[1,3,5,6],[1,4,5,7],[1,4,6,7],[1,5,6,8],[1,5,7,9],[1,5,8,9],[1,6,7,9],[1,6,8,9],[2,3,4,6],[2,3,5,9],[2,3,6,8],[2,3,7,8],[2,3,7,9],[2,4,5,8],[2,4,6,8],[2,5,7,8],[2,5,7,9],[3,5,6,9],[3,6,7,8],[3,6,7,9],[4,5,6,7],[4,5,6,9],[4,5,8,9],[4,6,8,9],[5,6,7,8]]

7020_119=[[1,2,3,4],[1,2,3,5],[1,2,4,5],[1,3,4,6],[1,3,5,6],[1,4,5,7],[1,4,6,7],[1,5,6,8],[1,5,7,9],[1,5,8,9],[1,6,7,9],[1,6,8,9],[2,3,4,7],[2,3,5,7],[2,4,5,9],[2,4,6,8],[2,4,6,9],[2,4,7,8],[2,5,7,8],[2,5,8,9],[2,6,8,9],[3,4,5,8],[3,4,5,9],[3,4,6,8],[3,4,7,9],[3,5,6,8],[3,5,7,9],[4,5,7,8],[4,6,7,9]]

7020_120=[[1,2,3,4],[1,2,3,5],[1,2,4,5],[1,3,4,6],[1,3,5,6],[1,4,5,7],[1,4,6,7],[1,5,6,8],[1,5,7,9],[1,5,8,9],[1,6,7,9],[1,6,8,9],[2,3,4,8],[2,3,5,6],[2,3,6,7],[2,3,7,8],[2,4,5,8],[2,5,6,9],[2,5,7,8],[2,5,7,9],[2,6,7,9],[3,4,6,8],[3,6,7,8],[4,5,6,7],[4,5,6,9],[4,5,8,9],[4,6,8,9],[5,6,7,8]]

7020_121=[[1,2,3,4],[1,2,3,5],[1,2,4,5],[1,3,4,6],[1,3,5,6],[1,4,5,7],[1,4,6,7],[1,5,6,8],[1,5,7,9],[1,5,8,9],[1,6,7,9],[1,6,8,9],[2,3,4,8],[2,3,5,6],[2,3,6,7],[2,3,7,8],[2,4,5,8],[2,5,6,9],[2,5,7,8],[2,5,7,9],[2,6,7,9],[3,4,6,9],[3,4,8,9],[3,6,7,8],[3,6,8,9],[4,5,6,7],[4,5,6,9],[4,5,8,9],[5,6,7,8]]

7020_122=[[1,2,3,4],[1,2,3,5],[1,2,4,5],[1,3,4,6],[1,3,5,6],[1,4,5,7],[1,4,6,7],[1,5,6,8],[1,5,7,9],[1,5,8,9],[1,6,7,9],[1,6,8,9],[2,3,4,8],[2,3,5,6],[2,3,6,9],[2,3,7,8],[2,3,7,9],[2,4,5,7],[2,4,6,7],[2,4,6,9],[2,4,8,9],[2,5,6,8],[2,5,7,9],[2,5,8,9],[2,6,7,8],[3,4,6,8],[3,6,7,8],[3,6,7,9],[4,6,8,9]]

7020_123=[[1,2,3,4],[1,2,3,5],[1,2,4,5],[1,3,4,6],[1,3,5,6],[1,4,5,7],[1,4,6,7],[1,5,6,8],[1,5,7,9],[1,5,8,9],[1,6,7,9],[1,6,8,9],[2,3,4,8],[2,3,5,6],[2,3,6,9],[2,3,7,8],[2,3,7,9],[2,4,5,8],[2,5,6,9],[2,5,7,8],[2,5,7,9],[3,4,6,8],[3,6,7,8],[3,6,7,9],[4,5,6,7],[4,5,6,9],[4,5,8,9],[4,6,8,9],[5,6,7,8]]

7020_124=[[1,2,3,4],[1,2,3,5],[1,2,4,5],[1,3,4,6],[1,3,5,6],[1,4,5,7],[1,4,6,7],[1,5,6,8],[1,5,7,9],[1,5,8,9],[1,6,7,9],[1,6,8,9],[2,3,4,8],[2,3,5,7],[2,3,7,8],[2,4,5,9],[2,4,8,9],[2,5,7,8],[2,5,8,9],[3,4,6,8],[3,5,6,9],[3,5,7,9],[3,6,7,8],[3,6,7,9],[4,5,6,7],[4,5,6,9],[4,6,8,9],[5,6,7,8]]

7020_125=[[1,2,3,4],[1,2,3,5],[1,2,4,5],[1,3,4,6],[1,3,5,6],[1,4,5,7],[1,4,6,7],[1,5,6,8],[1,5,7,9],[1,5,8,9],[1,6,7,9],[1,6,8,9],[2,3,4,8],[2,3,5,9],[2,3,6,8],[2,3,6,9],[2,4,5,8],[2,5,7,8],[2,5,7,9],[2,6,7,8],[2,6,7,9],[3,4,6,8],[3,5,6,9],[4,5,6,7],[4,5,6,9],[4,5,8,9],[4,6,8,9],[5,6,7,8]]

7020_126=[[1,2,3,4],[1,2,3,5],[1,2,4,5],[1,3,4,6],[1,3,5,6],[1,4,5,7],[1,4,6,7],[1,5,6,8],[1,5,7,9],[1,5,8,9],[1,6,7,9],[1,6,8,9],[2,3,4,8],[2,3,5,9],[2,3,7,8],[2,3,7,9],[2,4,5,8],[2,5,7,8],[2,5,7,9],[3,4,6,8],[3,5,6,9],[3,6,7,8],[3,6,7,9],[4,5,6,7],[4,5,6,9],[4,5,8,9],[4,6,8,9],[5,6,7,8]]

7020_127=[[1,2,3,4],[1,2,3,5],[1,2,4,5],[1,3,4,6],[1,3,5,6],[1,4,5,7],[1,4,6,7],[1,5,6,8],[1,5,7,9],[1,5,8,9],[1,6,7,9],[1,6,8,9],[2,3,4,9],[2,3,5,6],[2,3,6,7],[2,3,7,8],[2,3,8,9],[2,4,5,7],[2,4,6,8],[2,4,6,9],[2,4,7,8],[2,5,6,8],[2,5,7,9],[2,5,8,9],[2,6,7,9],[3,4,6,9],[3,6,7,8],[3,6,8,9],[4,6,7,8]]

7020_128=[[1,2,3,4],[1,2,3,5],[1,2,4,5],[1,3,4,6],[1,3,5,6],[1,4,5,7],[1,4,6,7],[1,5,6,8],[1,5,7,9],[1,5,8,9],[1,6,7,9],[1,6,8,9],[2,3,4,9],[2,3,5,6],[2,3,6,8],[2,3,8,9],[2,4,5,9],[2,5,6,7],[2,5,7,8],[2,5,8,9],[2,6,7,8],[3,4,6,9],[3,6,8,9],[4,5,6,8],[4,5,6,9],[4,5,7,8],[4,6,7,8],[5,6,7,9]]

7020_129=[[1,2,3,4],[1,2,3,5],[1,2,4,5],[1,3,4,6],[1,3,5,6],[1,4,5,7],[1,4,6,7],[1,5,6,8],[1,5,7,9],[1,5,8,9],[1,6,7,9],[1,6,8,9],[2,3,4,9],[2,3,5,7],[2,3,6,7],[2,3,6,9],[2,4,5,9],[2,5,7,8],[2,5,8,9],[2,6,7,8],[2,6,8,9],[3,4,6,9],[3,5,6,7],[4,5,6,8],[4,5,6,9],[4,5,7,8],[4,6,7,8],[5,6,7,9]]

7020_130=[[1,2,3,4],[1,2,3,5],[1,2,4,5],[1,3,4,6],[1,3,5,6],[1,4,5,7],[1,4,6,7],[1,5,6,8],[1,5,7,9],[1,5,8,9],[1,6,7,9],[1,6,8,9],[2,3,4,9],[2,3,5,9],[2,4,5,8],[2,4,6,8],[2,4,6,9],[2,5,6,7],[2,5,6,8],[2,5,7,9],[2,6,7,9],[3,4,6,9],[3,5,6,7],[3,5,7,8],[3,5,8,9],[3,6,7,8],[3,6,8,9],[4,5,7,8],[4,6,7,8]]

7020_131=[[1,2,3,4],[1,2,3,5],[1,2,4,5],[1,3,4,6],[1,3,5,6],[1,4,5,7],[1,4,6,8],[1,4,7,8],[1,5,6,8],[1,5,7,8],[2,3,4,7],[2,3,5,7],[2,4,5,6],[2,4,6,9],[2,4,7,9],[2,5,6,9],[2,5,7,9],[3,4,6,9],[3,4,7,8],[3,4,8,9],[3,5,6,9],[3,5,7,8],[3,5,8,9],[4,5,6,8],[4,5,7,9],[4,5,8,9]]

7020_132=[[1,2,3,4],[1,2,3,5],[1,2,4,5],[1,3,4,6],[1,3,5,6],[1,4,5,7],[1,4,6,8],[1,4,7,8],[1,5,6,8],[1,5,7,8],[2,3,4,7],[2,3,5,7],[2,4,5,8],[2,4,6,8],[2,4,6,9],[2,4,7,9],[2,5,6,8],[2,5,6,9],[2,5,7,9],[3,4,6,9],[3,4,7,8],[3,4,8,9],[3,5,6,9],[3,5,7,8],[3,5,8,9],[4,5,7,9],[4,5,8,9]]

7020_133=[[1,2,3,4],[1,2,3,5],[1,2,4,5],[1,3,4,6],[1,3,5,6],[1,4,5,7],[1,4,6,8],[1,4,7,8],[1,5,6,8],[1,5,7,8],[2,3,4,7],[2,3,5,7],[2,4,5,8],[2,4,7,9],[2,4,8,9],[2,5,7,9],[2,5,8,9],[3,4,5,6],[3,4,5,8],[3,4,7,8],[3,5,7,8],[4,5,6,7],[4,6,7,9],[4,6,8,9],[5,6,7,9],[5,6,8,9]]

7020_134=[[1,2,3,4],[1,2,3,5],[1,2,4,5],[1,3,4,6],[1,3,5,6],[1,4,5,7],[1,4,6,8],[1,4,7,8],[1,5,6,8],[1,5,7,8],[2,3,4,7],[2,3,5,7],[2,4,5,8],[2,4,7,9],[2,4,8,9],[2,5,7,9],[2,5,8,9],[3,4,5,8],[3,4,5,9],[3,4,6,9],[3,4,7,8],[3,5,6,9],[3,5,7,8],[4,5,7,9],[4,6,8,9],[5,6,8,9]]

7020_135=[[1,2,3,4],[1,2,3,5],[1,2,4,5],[1,3,4,6],[1,3,5,6],[1,4,5,7],[1,4,6,8],[1,4,7,8],[1,5,6,8],[1,5,7,8],[2,3,4,7],[2,3,5,7],[2,4,5,9],[2,4,6,7],[2,4,6,8],[2,4,8,9],[2,5,6,7],[2,5,6,8],[2,5,8,9],[3,4,6,9],[3,4,7,8],[3,4,8,9],[3,5,6,9],[3,5,7,8],[3,5,8,9],[4,5,7,9],[4,6,7,9],[5,6,7,9]]

7020_136=[[1,2,3,4],[1,2,3,5],[1,2,4,5],[1,3,4,6],[1,3,5,6],[1,4,5,7],[1,4,6,8],[1,4,7,8],[1,5,6,8],[1,5,7,8],[2,3,4,7],[2,3,5,7],[2,4,5,9],[2,4,6,7],[2,4,6,8],[2,4,8,9],[2,5,6,7],[2,5,6,8],[2,5,8,9],[3,4,6,9],[3,4,7,8],[3,4,8,9],[3,5,6,9],[3,5,7,9],[3,7,8,9],[4,5,6,7],[4,5,6,9],[5,7,8,9]]

7020_137=[[1,2,3,4],[1,2,3,5],[1,2,4,5],[1,3,4,6],[1,3,5,6],[1,4,5,7],[1,4,6,8],[1,4,7,8],[1,5,6,8],[1,5,7,8],[2,3,4,7],[2,3,5,7],[2,4,5,9],[2,4,6,7],[2,4,6,8],[2,4,8,9],[2,5,6,7],[2,5,6,8],[2,5,8,9],[3,4,6,9],[3,4,7,9],[3,5,6,9],[3,5,7,9],[4,5,6,7],[4,5,6,9],[4,7,8,9],[5,7,8,9]]

7020_138=[[1,2,3,4],[1,2,3,5],[1,2,4,5],[1,3,4,6],[1,3,5,6],[1,4,5,7],[1,4,6,8],[1,4,7,8],[1,5,6,8],[1,5,7,8],[2,3,4,7],[2,3,5,8],[2,3,7,8],[2,4,5,6],[2,4,6,9],[2,4,7,9],[2,5,6,9],[2,5,7,8],[2,5,7,9],[3,4,6,9],[3,4,7,8],[3,4,8,9],[3,5,6,9],[3,5,8,9],[4,5,6,8],[4,5,7,9],[4,5,8,9]]

7020_139=[[1,2,3,4],[1,2,3,5],[1,2,4,5],[1,3,4,6],[1,3,5,6],[1,4,5,7],[1,4,6,8],[1,4,7,8],[1,5,6,8],[1,5,7,8],[2,3,4,7],[2,3,5,9],[2,3,7,9],[2,4,5,8],[2,4,6,7],[2,4,6,8],[2,5,6,7],[2,5,6,8],[2,5,7,9],[3,4,6,9],[3,4,7,9],[3,5,6,9],[4,5,6,7],[4,5,6,9],[4,5,8,9],[4,7,8,9],[5,7,8,9]]

7020_140=[[1,2,3,4],[1,2,3,5],[1,2,4,5],[1,3,4,6],[1,3,5,6],[1,4,5,7],[1,4,6,8],[1,4,7,8],[1,5,6,8],[1,5,7,8],[2,3,4,9],[2,3,5,9],[2,4,5,8],[2,4,6,7],[2,4,6,8],[2,4,7,9],[2,5,6,7],[2,5,6,8],[2,5,7,9],[3,4,5,7],[3,4,5,8],[3,4,6,7],[3,4,8,9],[3,5,6,7],[3,5,8,9],[4,7,8,9],[5,7,8,9]]

7020_141=[[1,2,3,4],[1,2,3,5],[1,2,4,5],[1,3,4,6],[1,3,5,6],[1,4,5,7],[1,4,6,8],[1,4,7,8],[1,5,6,8],[1,5,7,8],[2,3,4,9],[2,3,5,9],[2,4,5,8],[2,4,6,7],[2,4,6,8],[2,4,7,9],[2,5,6,8],[2,5,6,9],[2,6,7,9],[3,4,5,7],[3,4,5,8],[3,4,6,7],[3,4,8,9],[3,5,6,7],[3,5,8,9],[4,7,8,9],[5,6,7,9],[5,7,8,9]]

7020_142=[[1,2,3,4],[1,2,3,5],[1,2,4,5],[1,3,4,6],[1,3,5,6],[1,4,5,7],[1,4,6,8],[1,4,7,8],[1,5,6,9],[1,5,7,8],[1,5,8,9],[1,6,8,9],[2,3,4,6],[2,3,5,7],[2,3,6,9],[2,3,7,9],[2,4,5,6],[2,5,6,8],[2,5,7,9],[2,5,8,9],[2,6,8,9],[3,5,6,8],[3,5,7,8],[3,6,7,8],[3,6,7,9],[4,5,6,9],[4,5,7,9],[4,6,7,8],[4,6,7,9]]

7020_143=[[1,2,3,4],[1,2,3,5],[1,2,4,5],[1,3,4,6],[1,3,5,6],[1,4,5,7],[1,4,6,8],[1,4,7,8],[1,5,6,9],[1,5,7,8],[1,5,8,9],[1,6,8,9],[2,3,4,6],[2,3,5,8],[2,3,6,9],[2,3,8,9],[2,4,5,6],[2,5,6,7],[2,5,7,8],[2,6,7,8],[2,6,8,9],[3,5,6,7],[3,5,7,9],[3,5,8,9],[3,6,7,9],[4,5,6,9],[4,5,7,9],[4,6,7,8],[4,6,7,9]]

7020_144=[[1,2,3,4],[1,2,3,5],[1,2,4,5],[1,3,4,6],[1,3,5,6],[1,4,5,7],[1,4,6,8],[1,4,7,8],[1,5,6,9],[1,5,7,8],[1,5,8,9],[1,6,8,9],[2,3,4,7],[2,3,5,8],[2,3,7,8],[2,4,5,9],[2,4,6,7],[2,4,6,9],[2,5,6,7],[2,5,6,9],[2,5,7,8],[3,4,5,6],[3,4,5,9],[3,4,7,8],[3,4,8,9],[3,5,8,9],[4,5,6,7],[4,6,8,9]]

7020_145=[[1,2,3,4],[1,2,3,5],[1,2,4,5],[1,3,4,6],[1,3,5,6],[1,4,5,7],[1,4,6,8],[1,4,7,8],[1,5,6,9],[1,5,7,8],[1,5,8,9],[1,6,8,9],[2,3,4,7],[2,3,5,8],[2,3,7,8],[2,4,5,9],[2,4,7,9],[2,5,7,8],[2,5,7,9],[3,4,5,6],[3,4,5,9],[3,4,7,8],[3,4,8,9],[3,5,8,9],[4,5,6,7],[4,6,7,9],[4,6,8,9],[5,6,7,9]]

7020_146=[[1,2,3,4],[1,2,3,5],[1,2,4,5],[1,3,4,6],[1,3,5,6],[1,4,5,7],[1,4,6,8],[1,4,7,8],[1,5,6,9],[1,5,7,8],[1,5,8,9],[1,6,8,9],[2,3,4,7],[2,3,5,9],[2,3,7,9],[2,4,5,8],[2,4,6,7],[2,4,6,9],[2,4,8,9],[2,5,8,9],[2,6,7,9],[3,4,5,6],[3,4,5,8],[3,4,7,8],[3,5,7,8],[3,5,7,9],[4,5,6,7],[4,6,8,9],[5,6,7,9]]

7020_147=[[1,2,3,4],[1,2,3,5],[1,2,4,5],[1,3,4,6],[1,3,5,6],[1,4,5,7],[1,4,6,8],[1,4,7,8],[1,5,6,9],[1,5,7,8],[1,5,8,9],[1,6,8,9],[2,3,4,7],[2,3,5,9],[2,3,7,9],[2,4,5,8],[2,4,7,9],[2,4,8,9],[2,5,8,9],[3,4,5,6],[3,4,5,8],[3,4,7,8],[3,5,7,8],[3,5,7,9],[4,5,6,7],[4,6,7,9],[4,6,8,9],[5,6,7,9]]

7020_148=[[1,2,3,4],[1,2,3,5],[1,2,4,5],[1,3,4,6],[1,3,5,6],[1,4,5,7],[1,4,6,8],[1,4,7,8],[1,5,6,9],[1,5,7,8],[1,5,8,9],[1,6,8,9],[2,3,4,8],[2,3,5,7],[2,3,7,8],[2,4,5,9],[2,4,7,8],[2,4,7,9],[2,5,6,7],[2,5,6,9],[2,6,7,9],[3,4,5,6],[3,4,5,9],[3,4,8,9],[3,5,7,8],[3,5,8,9],[4,5,6,7],[4,6,7,9],[4,6,8,9]]

7020_149=[[1,2,3,4],[1,2,3,5],[1,2,4,5],[1,3,4,6],[1,3,5,6],[1,4,5,7],[1,4,6,8],[1,4,7,8],[1,5,6,9],[1,5,7,8],[1,5,8,9],[1,6,8,9],[2,3,4,8],[2,3,5,7],[2,3,7,8],[2,4,5,9],[2,4,7,8],[2,4,7,9],[2,5,7,9],[3,4,5,6],[3,4,5,9],[3,4,8,9],[3,5,7,8],[3,5,8,9],[4,5,6,7],[4,6,7,9],[4,6,8,9],[5,6,7,9]]

7020_150=[[1,2,3,4],[1,2,3,5],[1,2,4,5],[1,3,4,6],[1,3,5,6],[1,4,5,7],[1,4,6,8],[1,4,7,8],[1,5,6,9],[1,5,7,8],[1,5,8,9],[1,6,8,9],[2,3,4,8],[2,3,5,8],[2,4,5,9],[2,4,6,7],[2,4,6,9],[2,4,7,8],[2,5,6,7],[2,5,6,9],[2,5,7,8],[3,4,6,7],[3,4,7,9],[3,4,8,9],[3,5,6,7],[3,5,7,9],[3,5,8,9],[4,5,7,9],[4,6,8,9]]

7020_151=[[1,2,3,4],[1,2,3,5],[1,2,4,5],[1,3,4,6],[1,3,5,6],[1,4,5,7],[1,4,6,8],[1,4,7,9],[1,4,8,9],[1,5,6,8],[1,5,7,9],[1,5,8,9],[2,3,4,7],[2,3,5,7],[2,4,5,6],[2,4,6,9],[2,4,7,8],[2,4,8,9],[2,5,6,9],[2,5,7,8],[2,5,8,9],[3,4,6,9],[3,4,7,9],[3,5,6,9],[3,5,7,9],[4,5,6,7],[4,6,7,8],[5,6,7,8]]

7020_152=[[1,2,3,4],[1,2,3,5],[1,2,4,5],[1,3,4,6],[1,3,5,6],[1,4,5,7],[1,4,6,8],[1,4,7,9],[1,4,8,9],[1,5,6,8],[1,5,7,9],[1,5,8,9],[2,3,4,8],[2,3,5,8],[2,4,5,7],[2,4,6,7],[2,4,6,9],[2,4,8,9],[2,5,6,7],[2,5,6,9],[2,5,8,9],[3,4,6,9],[3,4,7,8],[3,4,7,9],[3,5,6,9],[3,5,7,8],[3,5,7,9],[4,6,7,8],[5,6,7,8]]

7020_153=[[1,2,3,4],[1,2,3,5],[1,2,4,6],[1,2,5,6],[1,3,4,7],[1,3,5,7],[1,4,6,8],[1,4,7,9],[1,4,8,9],[1,5,6,8],[1,5,7,9],[1,5,8,9],[2,3,4,8],[2,3,5,8],[2,4,6,9],[2,4,7,8],[2,4,7,9],[2,5,6,9],[2,5,7,8],[2,5,7,9],[3,4,6,7],[3,4,6,9],[3,4,8,9],[3,5,6,7],[3,5,6,9],[3,5,8,9],[4,6,7,8],[5,6,7,8]]
