
8010_1=[[1,2,3,4],[1,2,3,5],[1,2,4,5],[1,3,4,5],[2,3,4,6],[2,3,5,6],[2,4,5,7],[2,4,6,7],[2,5,6,8],[2,5,7,8],[2,6,7,9],[2,6,8,9],[2,7,8,9],[3,4,5,9],[3,4,6,8],[3,4,8,9],[3,5,6,9],[3,6,7,8],[3,6,7,9],[3,7,8,9],[4,5,6,7],[4,5,6,9],[4,6,8,9],[5,6,7,8]]

8010_2=[[1,2,3,4],[1,2,3,5],[1,2,4,5],[1,3,4,5],[2,3,4,6],[2,3,5,6],[2,4,5,7],[2,4,6,7],[2,5,6,8],[2,5,7,9],[2,5,8,9],[2,6,7,8],[2,7,8,9],[3,4,5,8],[3,4,6,9],[3,4,8,9],[3,5,6,9],[3,5,7,8],[3,5,7,9],[3,7,8,9],[4,5,6,7],[4,5,6,9],[4,5,8,9],[5,6,7,8]]

8010_3=[[1,2,3,4],[1,2,3,5],[1,2,4,5],[1,3,4,6],[1,3,5,6],[1,4,5,6],[2,3,4,6],[2,3,5,7],[2,3,6,7],[2,4,5,8],[2,4,6,9],[2,4,8,9],[2,5,6,7],[2,5,6,8],[2,6,8,9],[3,5,6,9],[3,5,7,9],[3,6,7,8],[3,6,8,9],[3,7,8,9],[4,5,6,8],[4,6,7,8],[4,6,7,9],[4,7,8,9],[5,6,7,9]]

8010_4=[[1,2,3,4],[1,2,3,5],[1,2,4,5],[1,3,4,6],[1,3,5,6],[1,4,5,6],[2,3,4,6],[2,3,5,7],[2,3,6,7],[2,4,5,8],[2,4,6,9],[2,4,8,9],[2,5,6,7],[2,5,6,9],[2,5,8,9],[3,5,6,8],[3,5,7,9],[3,5,8,9],[3,6,7,8],[3,7,8,9],[4,5,6,9],[4,5,7,8],[4,5,7,9],[4,7,8,9],[5,6,7,8]]

8010_5=[[1,2,3,4],[1,2,3,5],[1,2,4,5],[1,3,4,6],[1,3,5,6],[1,4,5,6],[2,3,4,7],[2,3,5,7],[2,4,5,8],[2,4,6,7],[2,4,6,9],[2,4,8,9],[2,5,7,8],[2,6,7,8],[2,6,8,9],[3,4,5,7],[3,4,5,9],[3,4,6,8],[3,4,8,9],[3,5,6,9],[3,6,8,9],[4,5,6,9],[4,5,7,8],[4,6,7,8]]

8010_6=[[1,2,3,4],[1,2,3,5],[1,2,4,5],[1,3,4,6],[1,3,5,6],[1,4,5,6],[2,3,4,7],[2,3,5,7],[2,4,5,8],[2,4,6,7],[2,4,6,9],[2,4,8,9],[2,5,7,8],[2,6,7,8],[2,6,8,9],[3,4,6,8],[3,4,7,9],[3,4,8,9],[3,5,6,9],[3,5,7,9],[3,6,8,9],[4,5,6,9],[4,5,7,8],[4,5,7,9],[4,6,7,8]]

8010_7=[[1,2,3,4],[1,2,3,5],[1,2,4,5],[1,3,4,6],[1,3,5,6],[1,4,5,6],[2,3,4,7],[2,3,5,7],[2,4,5,8],[2,4,6,7],[2,4,6,9],[2,4,8,9],[2,5,7,8],[2,6,7,9],[2,7,8,9],[3,4,5,7],[3,4,5,9],[3,4,6,8],[3,4,8,9],[3,5,6,9],[3,6,8,9],[4,5,6,9],[4,5,7,8],[4,6,7,8],[6,7,8,9]]

8010_8=[[1,2,3,4],[1,2,3,5],[1,2,4,5],[1,3,4,6],[1,3,5,6],[1,4,5,6],[2,3,4,7],[2,3,5,7],[2,4,5,8],[2,4,6,8],[2,4,6,9],[2,4,7,9],[2,5,7,9],[2,5,8,9],[2,6,8,9],[3,4,6,9],[3,4,7,8],[3,4,8,9],[3,5,6,7],[3,6,7,8],[3,6,8,9],[4,5,6,7],[4,5,7,9],[4,5,8,9],[4,6,7,8]]

8010_9=[[1,2,3,4],[1,2,3,5],[1,2,4,5],[1,3,4,6],[1,3,5,6],[1,4,5,6],[2,3,4,7],[2,3,5,7],[2,4,5,8],[2,4,7,8],[2,5,7,9],[2,5,8,9],[2,6,7,8],[2,6,7,9],[2,6,8,9],[3,4,5,7],[3,4,5,9],[3,4,6,9],[3,5,6,8],[3,5,8,9],[3,6,8,9],[4,5,6,9],[4,5,7,8],[5,6,7,8],[5,6,7,9]]

8010_10=[[1,2,3,4],[1,2,3,5],[1,2,4,5],[1,3,4,6],[1,3,5,6],[1,4,5,6],[2,3,4,7],[2,3,5,7],[2,4,5,8],[2,4,7,8],[2,5,7,9],[2,5,8,9],[2,6,7,8],[2,6,7,9],[2,6,8,9],[3,4,6,9],[3,4,7,9],[3,5,6,7],[3,6,7,8],[3,6,8,9],[3,7,8,9],[4,5,6,7],[4,5,7,8],[4,6,7,9],[5,7,8,9]]

8010_11=[[1,2,3,4],[1,2,3,5],[1,2,4,5],[1,3,4,6],[1,3,5,6],[1,4,5,6],[2,3,4,7],[2,3,5,7],[2,4,5,8],[2,4,7,8],[2,5,7,9],[2,5,8,9],[2,7,8,9],[3,4,5,7],[3,4,5,9],[3,4,6,9],[3,5,6,8],[3,5,8,9],[3,6,8,9],[4,5,6,9],[4,5,7,8],[5,6,7,8],[5,6,7,9],[6,7,8,9]]

8010_12=[[1,2,3,4],[1,2,3,5],[1,2,4,5],[1,3,4,6],[1,3,5,6],[1,4,5,7],[1,4,6,7],[1,5,6,7],[2,3,4,6],[2,3,5,7],[2,3,6,8],[2,3,7,8],[2,4,5,6],[2,5,6,8],[2,5,7,8],[3,5,6,8],[3,5,7,9],[3,5,8,9],[3,7,8,9],[4,5,6,9],[4,5,7,8],[4,5,8,9],[4,6,7,9],[4,7,8,9],[5,6,7,9]]

8010_13=[[1,2,3,4],[1,2,3,5],[1,2,4,5],[1,3,4,6],[1,3,5,6],[1,4,5,7],[1,4,6,7],[1,5,6,7],[2,3,4,6],[2,3,5,7],[2,3,6,8],[2,3,7,8],[2,4,5,9],[2,4,6,9],[2,5,6,8],[2,5,6,9],[2,5,7,8],[3,5,6,8],[3,5,7,9],[3,5,8,9],[3,7,8,9],[4,5,7,8],[4,5,8,9],[4,6,7,9],[4,7,8,9],[5,6,7,9]]

8010_14=[[1,2,3,4],[1,2,3,5],[1,2,4,5],[1,3,4,6],[1,3,5,6],[1,4,5,7],[1,4,6,7],[1,5,6,7],[2,3,4,6],[2,3,5,7],[2,3,6,8],[2,3,7,9],[2,3,8,9],[2,4,5,6],[2,5,6,8],[2,5,7,8],[2,7,8,9],[3,5,6,8],[3,5,7,9],[3,5,8,9],[4,5,6,9],[4,5,7,8],[4,5,8,9],[4,6,7,9],[4,7,8,9],[5,6,7,9]]

8010_15=[[1,2,3,4],[1,2,3,5],[1,2,4,5],[1,3,4,6],[1,3,5,6],[1,4,5,7],[1,4,6,7],[1,5,6,7],[2,3,4,6],[2,3,5,8],[2,3,6,7],[2,3,7,8],[2,4,5,6],[2,5,6,8],[2,6,7,8],[3,5,6,8],[3,6,7,9],[3,6,8,9],[3,7,8,9],[4,5,6,9],[4,5,7,9],[4,6,7,8],[4,6,8,9],[4,7,8,9],[5,6,7,9]]

8010_16=[[1,2,3,4],[1,2,3,5],[1,2,4,5],[1,3,4,6],[1,3,5,6],[1,4,5,7],[1,4,6,7],[1,5,6,7],[2,3,4,6],[2,3,5,8],[2,3,6,7],[2,3,7,8],[2,4,5,9],[2,4,6,9],[2,5,6,8],[2,5,6,9],[2,6,7,8],[3,5,6,8],[3,6,7,9],[3,6,8,9],[3,7,8,9],[4,5,7,9],[4,6,7,8],[4,6,8,9],[4,7,8,9],[5,6,7,9]]

8010_17=[[1,2,3,4],[1,2,3,5],[1,2,4,5],[1,3,4,6],[1,3,5,6],[1,4,5,7],[1,4,6,7],[1,5,6,7],[2,3,4,6],[2,3,5,8],[2,3,6,7],[2,3,7,9],[2,3,8,9],[2,4,5,6],[2,5,6,8],[2,6,7,8],[2,7,8,9],[3,5,6,8],[3,6,7,9],[3,6,8,9],[4,5,6,9],[4,5,7,9],[4,6,7,8],[4,6,8,9],[4,7,8,9],[5,6,7,9]]

8010_18=[[1,2,3,4],[1,2,3,5],[1,2,4,5],[1,3,4,6],[1,3,5,6],[1,4,5,7],[1,4,6,7],[1,5,6,7],[2,3,4,6],[2,3,5,8],[2,3,6,8],[2,4,5,7],[2,4,6,9],[2,4,7,9],[2,5,6,7],[2,5,6,8],[2,6,7,9],[3,5,6,9],[3,5,8,9],[3,6,7,8],[3,6,7,9],[3,7,8,9],[4,6,7,8],[4,6,8,9],[4,7,8,9],[5,6,8,9]]

8010_19=[[1,2,3,4],[1,2,3,5],[1,2,4,5],[1,3,4,6],[1,3,5,6],[1,4,5,7],[1,4,6,7],[1,5,6,7],[2,3,4,6],[2,3,5,8],[2,3,6,8],[2,4,5,9],[2,4,6,7],[2,4,7,9],[2,5,6,7],[2,5,6,8],[2,5,7,9],[3,5,6,9],[3,5,7,8],[3,5,7,9],[3,6,8,9],[3,7,8,9],[4,5,7,8],[4,5,8,9],[4,7,8,9],[5,6,8,9]]

8010_20=[[1,2,3,4],[1,2,3,5],[1,2,4,5],[1,3,4,6],[1,3,5,6],[1,4,5,7],[1,4,6,7],[1,5,6,7],[2,3,4,6],[2,3,5,8],[2,3,6,9],[2,3,7,8],[2,3,7,9],[2,4,5,6],[2,5,6,8],[2,6,7,8],[2,6,7,9],[3,5,6,8],[3,6,8,9],[3,7,8,9],[4,5,6,9],[4,5,7,9],[4,6,7,8],[4,6,8,9],[4,7,8,9],[5,6,7,9]]

8010_21=[[1,2,3,4],[1,2,3,5],[1,2,4,5],[1,3,4,6],[1,3,5,6],[1,4,5,7],[1,4,6,7],[1,5,6,7],[2,3,4,6],[2,3,5,8],[2,3,6,9],[2,3,7,8],[2,3,7,9],[2,4,5,6],[2,5,6,9],[2,5,7,8],[2,5,7,9],[3,5,6,9],[3,5,8,9],[3,7,8,9],[4,5,6,8],[4,5,7,9],[4,5,8,9],[4,6,7,8],[4,7,8,9],[5,6,7,8]]

8010_22=[[1,2,3,4],[1,2,3,5],[1,2,4,5],[1,3,4,6],[1,3,5,6],[1,4,5,7],[1,4,6,7],[1,5,6,7],[2,3,4,6],[2,3,5,8],[2,3,6,9],[2,3,7,8],[2,3,7,9],[2,4,5,7],[2,4,6,8],[2,4,7,9],[2,4,8,9],[2,5,6,7],[2,5,6,9],[2,5,8,9],[2,6,7,8],[3,5,6,9],[3,5,8,9],[3,7,8,9],[4,6,7,8],[4,7,8,9]]

8010_23=[[1,2,3,4],[1,2,3,5],[1,2,4,5],[1,3,4,6],[1,3,5,6],[1,4,5,7],[1,4,6,7],[1,5,6,7],[2,3,4,6],[2,3,5,8],[2,3,6,9],[2,3,7,8],[2,3,7,9],[2,4,5,9],[2,4,6,7],[2,4,7,8],[2,4,8,9],[2,5,6,7],[2,5,6,8],[2,5,7,9],[2,6,8,9],[3,5,6,8],[3,6,8,9],[3,7,8,9],[4,5,7,9],[4,7,8,9]]

8010_24=[[1,2,3,4],[1,2,3,5],[1,2,4,5],[1,3,4,6],[1,3,5,6],[1,4,5,7],[1,4,6,7],[1,5,6,7],[2,3,4,6],[2,3,5,8],[2,3,6,9],[2,3,8,9],[2,4,5,6],[2,5,6,8],[2,6,7,8],[2,6,7,9],[2,7,8,9],[3,5,6,8],[3,6,8,9],[4,5,6,9],[4,5,7,9],[4,6,7,8],[4,6,8,9],[4,7,8,9],[5,6,7,9]]

8010_25=[[1,2,3,4],[1,2,3,5],[1,2,4,5],[1,3,4,6],[1,3,5,6],[1,4,5,7],[1,4,6,7],[1,5,6,7],[2,3,4,6],[2,3,5,8],[2,3,6,9],[2,3,8,9],[2,4,5,6],[2,5,6,9],[2,5,7,8],[2,5,7,9],[2,7,8,9],[3,5,6,9],[3,5,8,9],[4,5,6,8],[4,5,7,9],[4,5,8,9],[4,6,7,8],[4,7,8,9],[5,6,7,8]]

8010_26=[[1,2,3,4],[1,2,3,5],[1,2,4,5],[1,3,4,6],[1,3,5,6],[1,4,5,7],[1,4,6,7],[1,5,6,7],[2,3,4,7],[2,3,5,8],[2,3,7,8],[2,4,5,8],[2,4,6,8],[2,4,6,9],[2,4,7,9],[2,6,7,8],[2,6,7,9],[3,4,5,8],[3,4,5,9],[3,4,6,9],[3,4,7,8],[3,5,6,9],[4,5,7,9],[4,6,7,8],[5,6,7,9]]

8010_27=[[1,2,3,4],[1,2,3,5],[1,2,4,5],[1,3,4,6],[1,3,5,6],[1,4,5,7],[1,4,6,7],[1,5,6,7],[2,3,4,7],[2,3,5,8],[2,3,7,8],[2,4,5,8],[2,4,6,8],[2,4,6,9],[2,4,7,9],[2,6,7,8],[2,6,7,9],[3,4,6,9],[3,4,7,8],[3,4,8,9],[3,5,6,9],[3,5,8,9],[4,5,7,9],[4,5,8,9],[4,6,7,8],[5,6,7,9]]

8010_28=[[1,2,3,4],[1,2,3,5],[1,2,4,5],[1,3,4,6],[1,3,5,6],[1,4,5,7],[1,4,6,7],[1,5,6,7],[2,3,4,7],[2,3,5,8],[2,3,7,8],[2,4,5,8],[2,4,6,8],[2,4,6,9],[2,4,7,9],[2,6,8,9],[2,7,8,9],[3,4,5,8],[3,4,5,9],[3,4,6,9],[3,4,7,8],[3,5,6,9],[4,5,7,9],[4,6,7,8],[5,6,7,9],[6,7,8,9]]

8010_29=[[1,2,3,4],[1,2,3,5],[1,2,4,5],[1,3,4,6],[1,3,5,6],[1,4,5,7],[1,4,6,7],[1,5,6,7],[2,3,4,7],[2,3,5,8],[2,3,7,8],[2,4,5,8],[2,4,7,9],[2,4,8,9],[2,6,7,8],[2,6,7,9],[2,6,8,9],[3,4,5,8],[3,4,5,9],[3,4,6,9],[3,4,7,8],[3,5,6,9],[4,5,7,9],[4,6,7,8],[4,6,8,9],[5,6,7,9]]

8010_30=[[1,2,3,4],[1,2,3,5],[1,2,4,5],[1,3,4,6],[1,3,5,6],[1,4,5,7],[1,4,6,7],[1,5,6,7],[2,3,4,7],[2,3,5,8],[2,3,7,8],[2,4,5,8],[2,4,7,9],[2,4,8,9],[2,7,8,9],[3,4,5,6],[3,4,5,8],[3,4,7,8],[4,5,6,9],[4,5,7,9],[4,6,7,8],[4,6,8,9],[5,6,7,9],[6,7,8,9]]

8010_31=[[1,2,3,4],[1,2,3,5],[1,2,4,5],[1,3,4,6],[1,3,5,6],[1,4,5,7],[1,4,6,7],[1,5,6,7],[2,3,4,7],[2,3,5,8],[2,3,7,8],[2,4,5,8],[2,4,7,9],[2,4,8,9],[2,7,8,9],[3,4,5,8],[3,4,5,9],[3,4,6,9],[3,4,7,8],[3,5,6,9],[4,5,7,9],[4,6,7,8],[4,6,8,9],[5,6,7,9],[6,7,8,9]]

8010_32=[[1,2,3,4],[1,2,3,5],[1,2,4,5],[1,3,4,6],[1,3,5,6],[1,4,5,7],[1,4,6,7],[1,5,6,7],[2,3,4,7],[2,3,5,8],[2,3,7,9],[2,3,8,9],[2,4,5,8],[2,4,6,8],[2,4,6,9],[2,4,7,9],[2,6,8,9],[3,4,5,6],[3,4,5,8],[3,4,7,8],[3,7,8,9],[4,5,6,9],[4,5,7,9],[4,6,7,8],[5,6,7,9],[6,7,8,9]]

8010_33=[[1,2,3,4],[1,2,3,5],[1,2,4,5],[1,3,4,6],[1,3,5,6],[1,4,5,7],[1,4,6,7],[1,5,6,7],[2,3,4,7],[2,3,5,8],[2,3,7,9],[2,3,8,9],[2,4,5,8],[2,4,7,9],[2,4,8,9],[3,4,5,6],[3,4,5,8],[3,4,7,8],[3,7,8,9],[4,5,6,9],[4,5,7,9],[4,6,7,8],[4,6,8,9],[5,6,7,9],[6,7,8,9]]

8010_34=[[1,2,3,4],[1,2,3,5],[1,2,4,5],[1,3,4,6],[1,3,5,6],[1,4,5,7],[1,4,6,7],[1,5,6,7],[2,3,4,8],[2,3,5,9],[2,3,7,8],[2,3,7,9],[2,4,5,8],[2,5,6,8],[2,5,6,9],[2,6,7,8],[2,6,7,9],[3,4,5,6],[3,4,5,8],[3,5,8,9],[3,7,8,9],[4,5,6,9],[4,5,7,9],[4,6,7,9],[5,6,7,8],[5,7,8,9]]

8010_35=[[1,2,3,4],[1,2,3,5],[1,2,4,5],[1,3,4,6],[1,3,5,6],[1,4,5,7],[1,4,6,7],[1,5,6,7],[2,3,4,8],[2,3,5,9],[2,3,7,8],[2,3,7,9],[2,4,5,8],[2,5,6,8],[2,5,6,9],[2,6,8,9],[2,7,8,9],[3,4,5,6],[3,4,5,8],[3,5,7,8],[3,5,7,9],[4,5,6,9],[4,5,7,9],[4,6,7,9],[5,6,7,8],[6,7,8,9]]

8010_36=[[1,2,3,4],[1,2,3,5],[1,2,4,5],[1,3,4,6],[1,3,5,6],[1,4,5,7],[1,4,6,7],[1,5,6,7],[2,3,4,8],[2,3,5,9],[2,3,7,8],[2,3,7,9],[2,4,5,8],[2,5,8,9],[2,6,7,8],[2,6,7,9],[2,6,8,9],[3,4,6,8],[3,5,6,8],[3,5,8,9],[3,7,8,9],[4,5,7,8],[4,6,7,9],[4,6,8,9],[4,7,8,9],[5,6,7,8]]

8010_37=[[1,2,3,4],[1,2,3,5],[1,2,4,5],[1,3,4,6],[1,3,5,6],[1,4,5,7],[1,4,6,7],[1,5,6,7],[2,3,4,8],[2,3,5,9],[2,3,7,8],[2,3,7,9],[2,4,5,8],[2,5,8,9],[2,7,8,9],[3,4,5,6],[3,4,5,8],[3,5,7,8],[3,5,7,9],[4,5,6,9],[4,5,7,9],[4,6,7,9],[5,6,7,8],[5,6,8,9],[6,7,8,9]]

8010_38=[[1,2,3,4],[1,2,3,5],[1,2,4,5],[1,3,4,6],[1,3,5,6],[1,4,5,7],[1,4,6,7],[1,5,6,7],[2,3,4,8],[2,3,5,9],[2,3,8,9],[2,4,5,8],[2,5,6,8],[2,5,6,9],[2,6,8,9],[3,4,5,6],[3,4,5,8],[3,5,7,8],[3,5,7,9],[3,7,8,9],[4,5,6,9],[4,5,7,9],[4,6,7,9],[5,6,7,8],[6,7,8,9]]

8010_39=[[1,2,3,4],[1,2,3,5],[1,2,4,5],[1,3,4,6],[1,3,5,6],[1,4,5,7],[1,4,6,7],[1,5,6,7],[2,3,4,8],[2,3,5,9],[2,3,8,9],[2,4,5,8],[2,5,6,8],[2,5,6,9],[2,6,8,9],[3,4,5,6],[3,4,5,8],[3,5,8,9],[4,5,6,9],[4,5,7,9],[4,6,7,9],[5,6,7,8],[5,7,8,9],[6,7,8,9]]

8010_40=[[1,2,3,4],[1,2,3,5],[1,2,4,5],[1,3,4,6],[1,3,5,6],[1,4,5,7],[1,4,6,7],[1,5,6,8],[1,5,7,8],[1,6,7,8],[2,3,4,6],[2,3,5,7],[2,3,6,9],[2,3,7,8],[2,3,8,9],[2,4,5,6],[2,5,6,9],[2,5,7,9],[2,7,8,9],[3,5,6,9],[3,5,7,8],[3,5,8,9],[4,5,6,8],[4,5,7,9],[4,5,8,9],[4,6,7,8],[4,7,8,9]]

8010_41=[[1,2,3,4],[1,2,3,5],[1,2,4,5],[1,3,4,6],[1,3,5,6],[1,4,5,7],[1,4,6,7],[1,5,6,8],[1,5,7,8],[1,6,7,8],[2,3,4,6],[2,3,5,7],[2,3,6,9],[2,3,7,9],[2,4,5,6],[2,5,6,9],[2,5,7,9],[3,5,6,9],[3,5,7,8],[3,5,8,9],[3,7,8,9],[4,5,6,8],[4,5,7,9],[4,5,8,9],[4,6,7,8],[4,7,8,9]]

8010_42=[[1,2,3,4],[1,2,3,5],[1,2,4,5],[1,3,4,6],[1,3,5,6],[1,4,5,7],[1,4,6,7],[1,5,6,8],[1,5,7,8],[1,6,7,8],[2,3,4,6],[2,3,5,7],[2,3,6,9],[2,3,7,9],[2,4,5,8],[2,4,6,8],[2,5,6,8],[2,5,6,9],[2,5,7,9],[3,5,6,9],[3,5,7,8],[3,5,8,9],[3,7,8,9],[4,5,7,9],[4,5,8,9],[4,6,7,8],[4,7,8,9]]

8010_43=[[1,2,3,4],[1,2,3,5],[1,2,4,5],[1,3,4,6],[1,3,5,6],[1,4,5,7],[1,4,6,7],[1,5,6,8],[1,5,7,8],[1,6,7,8],[2,3,4,6],[2,3,5,8],[2,3,6,9],[2,3,7,8],[2,3,7,9],[2,4,5,6],[2,5,6,9],[2,5,7,8],[2,5,7,9],[3,5,6,9],[3,5,8,9],[3,7,8,9],[4,5,6,8],[4,5,7,9],[4,5,8,9],[4,6,7,8],[4,7,8,9]]

8010_44=[[1,2,3,4],[1,2,3,5],[1,2,4,5],[1,3,4,6],[1,3,5,6],[1,4,5,7],[1,4,6,7],[1,5,6,8],[1,5,7,8],[1,6,7,8],[2,3,4,6],[2,3,5,8],[2,3,6,9],[2,3,8,9],[2,4,5,6],[2,5,6,9],[2,5,7,8],[2,5,7,9],[2,7,8,9],[3,5,6,9],[3,5,8,9],[4,5,6,8],[4,5,7,9],[4,5,8,9],[4,6,7,8],[4,7,8,9]]

8010_45=[[1,2,3,4],[1,2,3,5],[1,2,4,5],[1,3,4,6],[1,3,5,6],[1,4,5,7],[1,4,6,7],[1,5,6,8],[1,5,7,8],[1,6,7,8],[2,3,4,6],[2,3,5,9],[2,3,6,7],[2,3,7,8],[2,3,8,9],[2,4,5,6],[2,5,6,9],[2,6,7,9],[2,7,8,9],[3,5,6,9],[3,6,7,8],[3,6,8,9],[4,5,6,8],[4,5,7,8],[4,6,7,9],[4,6,8,9],[4,7,8,9]]

8010_46=[[1,2,3,4],[1,2,3,5],[1,2,4,5],[1,3,4,6],[1,3,5,6],[1,4,5,7],[1,4,6,7],[1,5,6,8],[1,5,7,8],[1,6,7,8],[2,3,4,6],[2,3,5,9],[2,3,6,7],[2,3,7,9],[2,4,5,6],[2,5,6,9],[2,6,7,9],[3,5,6,9],[3,6,7,8],[3,6,8,9],[3,7,8,9],[4,5,6,8],[4,5,7,8],[4,6,7,9],[4,6,8,9],[4,7,8,9]]

8010_47=[[1,2,3,4],[1,2,3,5],[1,2,4,5],[1,3,4,6],[1,3,5,6],[1,4,5,7],[1,4,6,7],[1,5,6,8],[1,5,7,8],[1,6,7,8],[2,3,4,6],[2,3,5,9],[2,3,6,7],[2,3,7,9],[2,4,5,8],[2,4,6,8],[2,5,6,8],[2,5,6,9],[2,6,7,9],[3,5,6,9],[3,6,7,8],[3,6,8,9],[3,7,8,9],[4,5,7,8],[4,6,7,9],[4,6,8,9],[4,7,8,9]]

8010_48=[[1,2,3,4],[1,2,3,5],[1,2,4,5],[1,3,4,6],[1,3,5,6],[1,4,5,7],[1,4,6,7],[1,5,6,8],[1,5,7,8],[1,6,7,8],[2,3,4,6],[2,3,5,9],[2,3,6,8],[2,3,7,8],[2,3,7,9],[2,4,5,6],[2,5,6,9],[2,6,7,8],[2,6,7,9],[3,5,6,9],[3,6,8,9],[3,7,8,9],[4,5,6,8],[4,5,7,8],[4,6,7,9],[4,6,8,9],[4,7,8,9]]

8010_49=[[1,2,3,4],[1,2,3,5],[1,2,4,5],[1,3,4,6],[1,3,5,6],[1,4,5,7],[1,4,6,7],[1,5,6,8],[1,5,7,8],[1,6,7,8],[2,3,4,6],[2,3,5,9],[2,3,6,8],[2,3,8,9],[2,4,5,6],[2,5,6,9],[2,6,7,8],[2,6,7,9],[2,7,8,9],[3,5,6,9],[3,6,8,9],[4,5,6,8],[4,5,7,8],[4,6,7,9],[4,6,8,9],[4,7,8,9]]

8010_50=[[1,2,3,4],[1,2,3,5],[1,2,4,5],[1,3,4,6],[1,3,5,6],[1,4,5,7],[1,4,6,7],[1,5,6,8],[1,5,7,8],[1,6,7,8],[2,3,4,7],[2,3,5,7],[2,4,5,8],[2,4,7,9],[2,4,8,9],[2,5,6,8],[2,5,6,9],[2,5,7,9],[2,6,8,9],[3,4,6,7],[3,5,6,9],[3,5,7,8],[3,5,8,9],[3,6,7,8],[3,6,8,9],[4,5,7,9],[4,5,8,9]]

8010_51=[[1,2,3,4],[1,2,3,5],[1,2,4,5],[1,3,4,6],[1,3,5,6],[1,4,5,7],[1,4,6,7],[1,5,6,8],[1,5,7,8],[1,6,7,8],[2,3,4,7],[2,3,5,7],[2,4,5,9],[2,4,7,8],[2,4,8,9],[2,5,7,9],[2,6,7,8],[2,6,7,9],[2,6,8,9],[3,4,6,7],[3,5,6,8],[3,5,7,8],[3,6,7,9],[3,6,8,9],[3,7,8,9],[4,5,7,9],[4,7,8,9]]

8010_52=[[1,2,3,4],[1,2,3,5],[1,2,4,5],[1,3,4,6],[1,3,5,6],[1,4,5,7],[1,4,6,7],[1,5,6,8],[1,5,7,8],[1,6,7,8],[2,3,4,7],[2,3,5,9],[2,3,7,8],[2,3,8,9],[2,4,5,9],[2,4,6,8],[2,4,6,9],[2,4,7,8],[2,6,8,9],[3,4,5,6],[3,4,5,9],[3,4,7,9],[3,7,8,9],[4,5,6,8],[4,5,7,8],[4,6,7,9],[6,7,8,9]]

8010_53=[[1,2,3,4],[1,2,3,5],[1,2,4,5],[1,3,4,6],[1,3,5,6],[1,4,5,7],[1,4,6,7],[1,5,6,8],[1,5,7,8],[1,6,7,8],[2,3,4,7],[2,3,5,9],[2,3,7,8],[2,3,8,9],[2,4,5,9],[2,4,7,8],[2,4,8,9],[3,4,5,6],[3,4,5,9],[3,4,7,9],[3,7,8,9],[4,5,6,8],[4,5,7,8],[4,6,7,9],[4,6,8,9],[6,7,8,9]]

8010_54=[[1,2,3,4],[1,2,3,5],[1,2,4,5],[1,3,4,6],[1,3,5,6],[1,4,5,7],[1,4,6,7],[1,5,6,8],[1,5,7,8],[1,6,7,8],[2,3,4,7],[2,3,5,9],[2,3,7,9],[2,4,5,9],[2,4,6,8],[2,4,6,9],[2,4,7,8],[2,6,7,8],[2,6,7,9],[3,4,6,8],[3,4,7,9],[3,4,8,9],[3,5,6,8],[3,5,8,9],[4,5,7,8],[4,5,8,9],[4,6,7,9]]

8010_55=[[1,2,3,4],[1,2,3,5],[1,2,4,5],[1,3,4,6],[1,3,5,6],[1,4,5,7],[1,4,6,7],[1,5,6,8],[1,5,7,8],[1,6,7,8],[2,3,4,7],[2,3,5,9],[2,3,7,9],[2,4,5,9],[2,4,6,8],[2,4,6,9],[2,4,7,8],[2,6,8,9],[2,7,8,9],[3,4,5,6],[3,4,5,9],[3,4,7,9],[4,5,6,8],[4,5,7,8],[4,6,7,9],[6,7,8,9]]

8010_56=[[1,2,3,4],[1,2,3,5],[1,2,4,5],[1,3,4,6],[1,3,5,6],[1,4,5,7],[1,4,6,7],[1,5,6,8],[1,5,7,8],[1,6,7,8],[2,3,4,7],[2,3,5,9],[2,3,7,9],[2,4,5,9],[2,4,6,8],[2,4,6,9],[2,4,7,8],[2,6,8,9],[2,7,8,9],[3,4,5,8],[3,4,5,9],[3,4,6,8],[3,4,7,9],[3,5,6,8],[4,5,7,8],[4,6,7,9],[6,7,8,9]]

8010_57=[[1,2,3,4],[1,2,3,5],[1,2,4,5],[1,3,4,6],[1,3,5,6],[1,4,5,7],[1,4,6,7],[1,5,6,8],[1,5,7,8],[1,6,7,8],[2,3,4,7],[2,3,5,9],[2,3,7,9],[2,4,5,9],[2,4,7,8],[2,4,8,9],[2,6,7,8],[2,6,7,9],[2,6,8,9],[3,4,5,8],[3,4,5,9],[3,4,6,8],[3,4,7,9],[3,5,6,8],[4,5,7,8],[4,6,7,9],[4,6,8,9]]

8010_58=[[1,2,3,4],[1,2,3,5],[1,2,4,5],[1,3,4,6],[1,3,5,6],[1,4,5,7],[1,4,6,7],[1,5,6,8],[1,5,7,8],[1,6,7,8],[2,3,4,7],[2,3,5,9],[2,3,7,9],[2,4,5,9],[2,4,7,8],[2,4,8,9],[2,7,8,9],[3,4,5,6],[3,4,5,9],[3,4,7,9],[4,5,6,8],[4,5,7,8],[4,6,7,9],[4,6,8,9],[6,7,8,9]]

8010_59=[[1,2,3,4],[1,2,3,5],[1,2,4,5],[1,3,4,6],[1,3,5,6],[1,4,5,7],[1,4,6,7],[1,5,6,8],[1,5,7,8],[1,6,7,8],[2,3,4,7],[2,3,5,9],[2,3,7,9],[2,4,5,9],[2,4,7,8],[2,4,8,9],[2,7,8,9],[3,4,5,8],[3,4,5,9],[3,4,6,8],[3,4,7,9],[3,5,6,8],[4,5,7,8],[4,6,7,9],[4,6,8,9],[6,7,8,9]]

8010_60=[[1,2,3,4],[1,2,3,5],[1,2,4,5],[1,3,4,6],[1,3,5,6],[1,4,5,7],[1,4,6,7],[1,5,6,8],[1,5,7,8],[1,6,7,8],[2,3,4,8],[2,3,5,6],[2,3,6,7],[2,3,7,8],[2,4,5,6],[2,4,6,9],[2,4,8,9],[2,6,7,8],[2,6,8,9],[3,4,6,9],[3,4,8,9],[3,6,7,9],[3,7,8,9],[4,5,6,7],[5,6,7,9],[5,6,8,9],[5,7,8,9]]

8010_61=[[1,2,3,4],[1,2,3,5],[1,2,4,5],[1,3,4,6],[1,3,5,6],[1,4,5,7],[1,4,6,7],[1,5,6,8],[1,5,7,8],[1,6,7,8],[2,3,4,8],[2,3,5,6],[2,3,6,7],[2,3,7,8],[2,4,5,9],[2,4,6,8],[2,4,6,9],[2,5,6,9],[2,6,7,8],[3,4,6,8],[3,6,7,9],[3,6,8,9],[3,7,8,9],[4,5,7,9],[4,6,7,9],[5,6,8,9],[5,7,8,9]]

8010_62=[[1,2,3,4],[1,2,3,5],[1,2,4,5],[1,3,4,6],[1,3,5,6],[1,4,5,7],[1,4,6,7],[1,5,6,8],[1,5,7,8],[1,6,7,8],[2,3,4,8],[2,3,5,6],[2,3,6,7],[2,3,7,9],[2,3,8,9],[2,4,5,6],[2,4,6,8],[2,6,7,8],[2,7,8,9],[3,4,6,8],[3,6,7,9],[3,6,8,9],[4,5,6,9],[4,5,7,9],[4,6,7,9],[5,6,8,9],[5,7,8,9]]

8010_63=[[1,2,3,4],[1,2,3,5],[1,2,4,5],[1,3,4,6],[1,3,5,6],[1,4,5,7],[1,4,6,7],[1,5,6,8],[1,5,7,8],[1,6,7,8],[2,3,4,8],[2,3,5,6],[2,3,6,7],[2,3,7,9],[2,3,8,9],[2,4,5,6],[2,4,6,8],[2,6,7,8],[2,7,8,9],[3,4,6,9],[3,4,8,9],[3,6,7,9],[4,5,6,7],[4,6,8,9],[5,6,7,9],[5,6,8,9],[5,7,8,9]]

8010_64=[[1,2,3,4],[1,2,3,5],[1,2,4,5],[1,3,4,6],[1,3,5,6],[1,4,5,7],[1,4,6,7],[1,5,6,8],[1,5,7,8],[1,6,7,8],[2,3,4,8],[2,3,5,6],[2,3,6,9],[2,3,7,8],[2,3,7,9],[2,4,5,6],[2,4,6,8],[2,6,7,8],[2,6,7,9],[3,4,6,8],[3,6,8,9],[3,7,8,9],[4,5,6,9],[4,5,7,9],[4,6,7,9],[5,6,8,9],[5,7,8,9]]

8010_65=[[1,2,3,4],[1,2,3,5],[1,2,4,5],[1,3,4,6],[1,3,5,6],[1,4,5,7],[1,4,6,7],[1,5,6,8],[1,5,7,8],[1,6,7,8],[2,3,4,8],[2,3,5,6],[2,3,6,9],[2,3,7,8],[2,3,7,9],[2,4,5,6],[2,4,6,8],[2,6,7,8],[2,6,7,9],[3,4,6,9],[3,4,8,9],[3,7,8,9],[4,5,6,7],[4,6,8,9],[5,6,7,9],[5,6,8,9],[5,7,8,9]]

8010_66=[[1,2,3,4],[1,2,3,5],[1,2,4,5],[1,3,4,6],[1,3,5,6],[1,4,5,7],[1,4,6,7],[1,5,6,8],[1,5,7,8],[1,6,7,8],[2,3,4,8],[2,3,5,6],[2,3,6,9],[2,3,7,8],[2,3,7,9],[2,4,5,7],[2,4,6,7],[2,4,6,9],[2,4,8,9],[2,5,6,8],[2,5,7,9],[2,5,8,9],[2,6,7,8],[3,4,6,9],[3,4,8,9],[3,7,8,9],[5,7,8,9]]

8010_67=[[1,2,3,4],[1,2,3,5],[1,2,4,5],[1,3,4,6],[1,3,5,6],[1,4,5,7],[1,4,6,7],[1,5,6,8],[1,5,7,8],[1,6,7,8],[2,3,4,8],[2,3,5,6],[2,3,6,9],[2,3,8,9],[2,4,5,6],[2,4,6,8],[2,6,7,8],[2,6,7,9],[2,7,8,9],[3,4,6,8],[3,6,8,9],[4,5,6,9],[4,5,7,9],[4,6,7,9],[5,6,8,9],[5,7,8,9]]

8010_68=[[1,2,3,4],[1,2,3,5],[1,2,4,5],[1,3,4,6],[1,3,5,6],[1,4,5,7],[1,4,6,7],[1,5,6,8],[1,5,7,8],[1,6,7,8],[2,3,4,8],[2,3,5,7],[2,3,7,8],[2,4,5,7],[2,4,7,9],[2,4,8,9],[2,6,7,8],[2,6,7,9],[2,6,8,9],[3,4,6,7],[3,4,7,8],[3,5,6,9],[3,5,7,9],[3,6,7,9],[4,7,8,9],[5,6,8,9],[5,7,8,9]]

8010_69=[[1,2,3,4],[1,2,3,5],[1,2,4,5],[1,3,4,6],[1,3,5,6],[1,4,5,7],[1,4,6,7],[1,5,6,8],[1,5,7,8],[1,6,7,8],[2,3,4,8],[2,3,5,7],[2,3,7,8],[2,4,5,7],[2,4,7,9],[2,4,8,9],[2,6,7,8],[2,6,7,9],[2,6,8,9],[3,4,6,7],[3,4,7,9],[3,4,8,9],[3,5,6,7],[3,7,8,9],[5,6,7,9],[5,6,8,9],[5,7,8,9]]

8010_70=[[1,2,3,4],[1,2,3,5],[1,2,4,5],[1,3,4,6],[1,3,5,6],[1,4,5,7],[1,4,6,7],[1,5,6,8],[1,5,7,8],[1,6,7,8],[2,3,4,8],[2,3,5,7],[2,3,7,8],[2,4,5,8],[2,5,6,8],[2,5,6,9],[2,5,7,9],[2,6,7,8],[2,6,7,9],[3,4,6,9],[3,4,8,9],[3,5,6,9],[3,5,7,8],[3,5,8,9],[4,5,7,9],[4,5,8,9],[4,6,7,9]]

8010_71=[[1,2,3,4],[1,2,3,5],[1,2,4,5],[1,3,4,6],[1,3,5,6],[1,4,5,7],[1,4,6,7],[1,5,6,8],[1,5,7,8],[1,6,7,8],[2,3,4,8],[2,3,5,7],[2,3,7,8],[2,4,5,8],[2,5,7,9],[2,5,8,9],[2,6,7,8],[2,6,7,9],[2,6,8,9],[3,4,5,8],[3,4,5,9],[3,4,6,9],[3,5,6,9],[3,5,7,8],[4,5,7,9],[4,6,7,9],[5,6,8,9]]

8010_72=[[1,2,3,4],[1,2,3,5],[1,2,4,5],[1,3,4,6],[1,3,5,6],[1,4,5,7],[1,4,6,7],[1,5,6,8],[1,5,7,8],[1,6,7,8],[2,3,4,8],[2,3,5,7],[2,3,7,8],[2,4,5,8],[2,5,7,9],[2,5,8,9],[2,7,8,9],[3,4,5,8],[3,4,5,9],[3,4,6,9],[3,5,6,9],[3,5,7,8],[4,5,7,9],[4,6,7,9],[5,6,8,9],[6,7,8,9]]

8010_73=[[1,2,3,4],[1,2,3,5],[1,2,4,5],[1,3,4,6],[1,3,5,6],[1,4,5,7],[1,4,6,7],[1,5,6,8],[1,5,7,8],[1,6,7,8],[2,3,4,8],[2,3,5,7],[2,3,7,8],[2,4,5,9],[2,4,8,9],[2,5,6,7],[2,5,6,8],[2,5,8,9],[2,6,7,8],[3,4,6,9],[3,4,8,9],[3,5,6,9],[3,5,7,9],[3,7,8,9],[4,5,6,7],[4,5,6,9],[5,7,8,9]]

8010_74=[[1,2,3,4],[1,2,3,5],[1,2,4,5],[1,3,4,6],[1,3,5,6],[1,4,5,7],[1,4,6,7],[1,5,6,8],[1,5,7,8],[1,6,7,8],[2,3,4,8],[2,3,5,7],[2,3,7,8],[2,4,5,9],[2,4,8,9],[2,5,6,7],[2,5,6,9],[2,6,7,8],[2,6,8,9],[3,4,5,6],[3,4,5,9],[3,4,8,9],[3,5,7,9],[3,7,8,9],[4,5,6,7],[5,6,8,9],[5,7,8,9]]

8010_75=[[1,2,3,4],[1,2,3,5],[1,2,4,5],[1,3,4,6],[1,3,5,6],[1,4,5,7],[1,4,6,7],[1,5,6,8],[1,5,7,8],[1,6,7,8],[2,3,4,8],[2,3,5,7],[2,3,7,8],[2,4,5,9],[2,4,8,9],[2,5,7,9],[2,7,8,9],[3,4,5,6],[3,4,5,9],[3,4,8,9],[3,5,7,8],[3,5,8,9],[4,5,6,7],[5,6,7,9],[5,6,8,9],[6,7,8,9]]

8010_76=[[1,2,3,4],[1,2,3,5],[1,2,4,5],[1,3,4,6],[1,3,5,6],[1,4,5,7],[1,4,6,7],[1,5,6,8],[1,5,7,8],[1,6,7,8],[2,3,4,8],[2,3,5,7],[2,3,7,9],[2,3,8,9],[2,4,5,9],[2,4,8,9],[2,5,6,7],[2,5,6,9],[2,6,7,9],[3,4,5,6],[3,4,5,8],[3,5,7,8],[3,7,8,9],[4,5,6,7],[4,5,8,9],[5,6,8,9],[6,7,8,9]]

8010_77=[[1,2,3,4],[1,2,3,5],[1,2,4,5],[1,3,4,6],[1,3,5,6],[1,4,5,7],[1,4,6,7],[1,5,6,8],[1,5,7,8],[1,6,7,8],[2,3,4,8],[2,3,5,7],[2,3,7,9],[2,3,8,9],[2,4,5,9],[2,4,8,9],[2,5,7,9],[3,4,5,6],[3,4,5,8],[3,5,7,8],[3,7,8,9],[4,5,6,7],[4,5,8,9],[5,6,7,9],[5,6,8,9],[6,7,8,9]]

8010_78=[[1,2,3,4],[1,2,3,5],[1,2,4,5],[1,3,4,6],[1,3,5,6],[1,4,5,7],[1,4,6,7],[1,5,6,8],[1,5,7,8],[1,6,7,8],[2,3,4,8],[2,3,5,8],[2,4,5,9],[2,4,8,9],[2,5,6,7],[2,5,6,9],[2,5,7,8],[2,6,7,8],[2,6,8,9],[3,4,6,7],[3,4,7,9],[3,4,8,9],[3,5,6,7],[3,5,7,9],[3,5,8,9],[4,5,7,9],[5,6,8,9]]

8010_79=[[1,2,3,4],[1,2,3,5],[1,2,4,5],[1,3,4,6],[1,3,5,6],[1,4,5,7],[1,4,6,7],[1,5,6,8],[1,5,7,8],[1,6,7,8],[2,3,4,8],[2,3,5,8],[2,4,5,9],[2,4,8,9],[2,5,7,8],[2,5,7,9],[2,7,8,9],[3,4,5,6],[3,4,5,9],[3,4,8,9],[3,5,8,9],[4,5,6,7],[5,6,7,9],[5,6,8,9],[6,7,8,9]]

8010_80=[[1,2,3,4],[1,2,3,5],[1,2,4,5],[1,3,4,6],[1,3,5,6],[1,4,5,7],[1,4,6,7],[1,5,6,8],[1,5,7,8],[1,6,7,8],[2,3,4,8],[2,3,5,8],[2,4,5,9],[2,4,8,9],[2,5,7,8],[2,5,7,9],[2,7,8,9],[3,4,5,7],[3,4,5,8],[3,4,6,7],[3,5,6,9],[3,5,7,9],[3,6,7,9],[4,5,8,9],[5,6,8,9],[6,7,8,9]]

8010_81=[[1,2,3,4],[1,2,3,5],[1,2,4,5],[1,3,4,6],[1,3,5,6],[1,4,5,7],[1,4,6,7],[1,5,6,8],[1,5,7,8],[1,6,7,8],[2,3,4,8],[2,3,5,9],[2,3,6,7],[2,3,6,9],[2,3,7,8],[2,4,5,9],[2,4,8,9],[2,6,7,9],[2,7,8,9],[3,4,5,7],[3,4,5,9],[3,4,6,7],[3,4,8,9],[3,5,6,8],[3,5,7,8],[3,6,8,9],[6,7,8,9]]

8010_82=[[1,2,3,4],[1,2,3,5],[1,2,4,5],[1,3,4,6],[1,3,5,6],[1,4,5,7],[1,4,6,7],[1,5,6,8],[1,5,7,8],[1,6,7,8],[2,3,4,8],[2,3,5,9],[2,3,7,8],[2,3,7,9],[2,4,5,8],[2,5,6,7],[2,5,6,8],[2,5,7,9],[2,6,7,8],[3,4,6,9],[3,4,8,9],[3,5,6,9],[3,7,8,9],[4,5,6,7],[4,5,6,9],[4,5,8,9],[5,7,8,9]]

8010_83=[[1,2,3,4],[1,2,3,5],[1,2,4,5],[1,3,4,6],[1,3,5,6],[1,4,5,7],[1,4,6,7],[1,5,6,8],[1,5,7,8],[1,6,7,8],[2,3,4,8],[2,3,5,9],[2,3,7,8],[2,3,7,9],[2,4,5,8],[2,5,6,8],[2,5,6,9],[2,6,8,9],[2,7,8,9],[3,4,5,6],[3,4,5,8],[3,5,7,8],[3,5,7,9],[4,5,6,9],[4,5,7,9],[4,6,7,9],[6,7,8,9]]

8010_84=[[1,2,3,4],[1,2,3,5],[1,2,4,5],[1,3,4,6],[1,3,5,6],[1,4,5,7],[1,4,6,7],[1,5,6,8],[1,5,7,8],[1,6,7,8],[2,3,4,8],[2,3,5,9],[2,3,7,8],[2,3,7,9],[2,4,5,8],[2,5,8,9],[2,7,8,9],[3,4,5,6],[3,4,5,8],[3,5,7,8],[3,5,7,9],[4,5,6,9],[4,5,7,9],[4,6,7,9],[5,6,8,9],[6,7,8,9]]

8010_85=[[1,2,3,4],[1,2,3,5],[1,2,4,5],[1,3,4,6],[1,3,5,6],[1,4,5,7],[1,4,6,7],[1,5,6,8],[1,5,7,8],[1,6,7,8],[2,3,4,8],[2,3,5,9],[2,3,7,8],[2,3,7,9],[2,4,5,9],[2,4,8,9],[2,6,7,8],[2,6,7,9],[2,6,8,9],[3,4,6,9],[3,4,8,9],[3,5,6,9],[3,7,8,9],[4,5,7,9],[4,6,7,9],[5,6,8,9],[5,7,8,9]]

8010_86=[[1,2,3,4],[1,2,3,5],[1,2,4,5],[1,3,4,6],[1,3,5,6],[1,4,5,7],[1,4,6,7],[1,5,6,8],[1,5,7,8],[1,6,7,8],[2,3,4,8],[2,3,5,9],[2,3,7,8],[2,3,7,9],[2,4,5,9],[2,4,8,9],[2,7,8,9],[3,4,5,6],[3,4,5,8],[3,5,7,8],[3,5,7,9],[4,5,6,7],[4,5,8,9],[5,6,7,9],[5,6,8,9],[6,7,8,9]]

8010_87=[[1,2,3,4],[1,2,3,5],[1,2,4,5],[1,3,4,6],[1,3,5,6],[1,4,5,7],[1,4,6,7],[1,5,6,8],[1,5,7,8],[1,6,7,8],[2,3,4,8],[2,3,5,9],[2,3,7,8],[2,3,7,9],[2,4,5,9],[2,4,8,9],[2,7,8,9],[3,4,5,6],[3,4,5,9],[3,4,7,8],[3,4,7,9],[4,5,6,8],[4,5,7,8],[4,6,7,9],[4,6,8,9],[6,7,8,9]]

8010_88=[[1,2,3,4],[1,2,3,5],[1,2,4,5],[1,3,4,6],[1,3,5,6],[1,4,5,7],[1,4,6,7],[1,5,6,8],[1,5,7,8],[1,6,7,8],[2,3,4,8],[2,3,5,9],[2,3,8,9],[2,4,5,8],[2,5,6,8],[2,5,6,9],[2,6,8,9],[3,4,5,6],[3,4,5,8],[3,5,7,8],[3,5,7,9],[3,7,8,9],[4,5,6,7],[5,6,7,9],[6,7,8,9]]

8010_89=[[1,2,3,4],[1,2,3,5],[1,2,4,5],[1,3,4,6],[1,3,5,6],[1,4,5,7],[1,4,6,7],[1,5,6,8],[1,5,7,8],[1,6,7,8],[2,3,4,8],[2,3,5,9],[2,3,8,9],[2,4,5,8],[2,5,6,8],[2,5,6,9],[2,6,8,9],[3,4,5,6],[3,4,5,8],[3,5,7,8],[3,5,7,9],[3,7,8,9],[4,5,6,9],[4,5,7,9],[4,6,7,9],[6,7,8,9]]

8010_90=[[1,2,3,4],[1,2,3,5],[1,2,4,5],[1,3,4,6],[1,3,5,6],[1,4,5,7],[1,4,6,7],[1,5,6,8],[1,5,7,8],[1,6,7,8],[2,3,4,8],[2,3,5,9],[2,3,8,9],[2,4,5,8],[2,5,6,8],[2,5,6,9],[2,6,8,9],[3,4,5,7],[3,4,5,9],[3,4,6,7],[3,4,8,9],[3,5,6,7],[4,5,8,9],[5,6,7,9],[5,7,8,9],[6,7,8,9]]

8010_91=[[1,2,3,4],[1,2,3,5],[1,2,4,5],[1,3,4,6],[1,3,5,6],[1,4,5,7],[1,4,6,7],[1,5,6,8],[1,5,7,8],[1,6,7,8],[2,3,4,9],[2,3,5,7],[2,3,7,8],[2,3,8,9],[2,4,5,9],[2,5,6,7],[2,5,6,9],[2,6,7,9],[2,7,8,9],[3,4,5,6],[3,4,5,8],[3,4,8,9],[3,5,7,8],[4,5,6,7],[4,5,8,9],[5,6,8,9],[6,7,8,9]]

8010_92=[[1,2,3,4],[1,2,3,5],[1,2,4,5],[1,3,4,6],[1,3,5,6],[1,4,5,7],[1,4,6,7],[1,5,6,8],[1,5,7,8],[1,6,7,8],[2,3,4,9],[2,3,5,7],[2,3,7,9],[2,4,5,8],[2,4,8,9],[2,5,6,7],[2,5,6,8],[2,6,7,9],[2,6,8,9],[3,4,5,6],[3,4,5,8],[3,4,8,9],[3,5,7,9],[3,5,8,9],[4,5,6,7],[5,7,8,9],[6,7,8,9]]

8010_93=[[1,2,3,4],[1,2,3,5],[1,2,4,5],[1,3,4,6],[1,3,5,6],[1,4,5,7],[1,4,6,7],[1,5,6,8],[1,5,7,8],[1,6,7,8],[2,3,4,9],[2,3,5,7],[2,3,7,9],[2,4,5,8],[2,4,8,9],[2,5,6,7],[2,5,6,9],[2,5,8,9],[2,6,7,9],[3,4,5,6],[3,4,5,8],[3,4,8,9],[3,5,7,8],[3,7,8,9],[4,5,6,7],[5,6,8,9],[6,7,8,9]]

8010_94=[[1,2,3,4],[1,2,3,5],[1,2,4,5],[1,3,4,6],[1,3,5,6],[1,4,5,7],[1,4,6,7],[1,5,6,8],[1,5,7,8],[1,6,7,8],[2,3,4,9],[2,3,5,8],[2,3,7,8],[2,3,7,9],[2,4,5,9],[2,5,6,7],[2,5,6,9],[2,5,7,8],[2,6,7,9],[3,4,5,6],[3,4,5,8],[3,4,8,9],[3,7,8,9],[4,5,6,7],[4,5,8,9],[5,6,8,9],[6,7,8,9]]

8010_95=[[1,2,3,4],[1,2,3,5],[1,2,4,5],[1,3,4,6],[1,3,5,6],[1,4,5,7],[1,4,6,7],[1,5,6,8],[1,5,7,8],[1,6,7,8],[2,3,4,9],[2,3,5,8],[2,3,8,9],[2,4,5,9],[2,5,6,7],[2,5,6,9],[2,5,7,8],[2,6,7,9],[2,7,8,9],[3,4,5,7],[3,4,5,8],[3,4,6,7],[3,4,8,9],[3,5,6,7],[4,5,8,9],[5,6,8,9],[6,7,8,9]]

8010_96=[[1,2,3,4],[1,2,3,5],[1,2,4,5],[1,3,4,6],[1,3,5,6],[1,4,5,7],[1,4,6,7],[1,5,6,8],[1,5,7,8],[1,6,7,8],[2,3,4,9],[2,3,5,8],[2,3,8,9],[2,4,5,9],[2,5,7,8],[2,5,7,9],[2,7,8,9],[3,4,5,6],[3,4,5,9],[3,5,8,9],[4,5,6,7],[5,6,7,9],[5,6,8,9],[6,7,8,9]]

8010_97=[[1,2,3,4],[1,2,3,5],[1,2,4,5],[1,3,4,6],[1,3,5,6],[1,4,5,7],[1,4,6,7],[1,5,6,8],[1,5,7,8],[1,6,7,8],[2,3,4,9],[2,3,5,9],[2,4,5,8],[2,4,8,9],[2,5,6,7],[2,5,6,8],[2,5,7,9],[2,6,7,9],[2,6,8,9],[3,4,5,6],[3,4,5,8],[3,4,8,9],[3,5,8,9],[4,5,6,7],[5,7,8,9],[6,7,8,9]]

8010_98=[[1,2,3,4],[1,2,3,5],[1,2,4,5],[1,3,4,6],[1,3,5,6],[1,4,5,7],[1,4,6,7],[1,5,6,8],[1,5,7,8],[1,6,7,8],[2,3,4,9],[2,3,5,9],[2,4,5,8],[2,4,8,9],[2,5,6,7],[2,5,6,8],[2,5,7,9],[2,6,7,9],[2,6,8,9],[3,4,5,7],[3,4,5,8],[3,4,6,7],[3,4,8,9],[3,5,6,7],[3,5,8,9],[5,7,8,9],[6,7,8,9]]

8010_99=[[1,2,3,4],[1,2,3,5],[1,2,4,5],[1,3,4,6],[1,3,5,6],[1,4,5,7],[1,4,6,7],[1,5,6,8],[1,5,7,8],[1,6,7,9],[1,6,8,9],[1,7,8,9],[2,3,4,6],[2,3,5,9],[2,3,6,7],[2,3,7,8],[2,3,8,9],[2,4,5,9],[2,4,6,8],[2,4,8,9],[2,6,7,8],[3,5,6,9],[3,6,7,9],[3,7,8,9],[4,5,6,7],[4,5,6,9],[4,6,8,9],[5,6,7,8]]

8010_100=[[1,2,3,4],[1,2,3,5],[1,2,4,5],[1,3,4,6],[1,3,5,6],[1,4,5,7],[1,4,6,7],[1,5,6,8],[1,5,7,8],[1,6,7,9],[1,6,8,9],[1,7,8,9],[2,3,4,6],[2,3,5,9],[2,3,6,7],[2,3,7,8],[2,3,8,9],[2,4,5,9],[2,4,6,9],[2,6,7,8],[2,6,8,9],[3,5,6,9],[3,6,7,9],[3,7,8,9],[4,5,6,8],[4,5,6,9],[4,5,7,8],[4,6,7,8]]

8010_101=[[1,2,3,4],[1,2,3,5],[1,2,4,5],[1,3,4,6],[1,3,5,6],[1,4,5,7],[1,4,6,7],[1,5,6,8],[1,5,7,8],[1,6,7,9],[1,6,8,9],[1,7,8,9],[2,3,4,6],[2,3,5,9],[2,3,6,7],[2,3,7,9],[2,4,5,9],[2,4,6,9],[2,6,7,8],[2,6,8,9],[2,7,8,9],[3,5,6,9],[3,6,7,9],[4,5,6,8],[4,5,6,9],[4,5,7,8],[4,6,7,8]]

8010_102=[[1,2,3,4],[1,2,3,5],[1,2,4,5],[1,3,4,6],[1,3,5,6],[1,4,5,7],[1,4,6,7],[1,5,6,8],[1,5,7,8],[1,6,7,9],[1,6,8,9],[1,7,8,9],[2,3,4,6],[2,3,5,9],[2,3,6,8],[2,3,7,8],[2,3,7,9],[2,4,5,9],[2,4,6,8],[2,4,8,9],[2,7,8,9],[3,5,6,9],[3,6,7,8],[3,6,7,9],[4,5,6,7],[4,5,6,9],[4,6,8,9],[5,6,7,8]]

8010_103=[[1,2,3,4],[1,2,3,5],[1,2,4,5],[1,3,4,6],[1,3,5,6],[1,4,5,7],[1,4,6,7],[1,5,6,8],[1,5,7,8],[1,6,7,9],[1,6,8,9],[1,7,8,9],[2,3,4,6],[2,3,5,9],[2,3,6,8],[2,3,7,8],[2,3,7,9],[2,4,5,9],[2,4,6,9],[2,6,8,9],[2,7,8,9],[3,5,6,9],[3,6,7,8],[3,6,7,9],[4,5,6,7],[4,5,6,9],[5,6,7,8]]

8010_104=[[1,2,3,4],[1,2,3,5],[1,2,4,5],[1,3,4,6],[1,3,5,6],[1,4,5,7],[1,4,6,7],[1,5,6,8],[1,5,7,8],[1,6,7,9],[1,6,8,9],[1,7,8,9],[2,3,4,6],[2,3,5,9],[2,3,6,8],[2,3,7,8],[2,3,7,9],[2,4,5,9],[2,4,6,9],[2,6,8,9],[2,7,8,9],[3,5,6,9],[3,6,7,8],[3,6,7,9],[4,5,6,8],[4,5,6,9],[4,5,7,8],[4,6,7,8]]

8010_105=[[1,2,3,4],[1,2,3,5],[1,2,4,5],[1,3,4,6],[1,3,5,6],[1,4,5,7],[1,4,6,7],[1,5,6,8],[1,5,7,8],[1,6,7,9],[1,6,8,9],[1,7,8,9],[2,3,4,7],[2,3,5,9],[2,3,7,8],[2,3,8,9],[2,4,5,9],[2,4,6,8],[2,4,6,9],[2,4,7,8],[2,6,8,9],[3,4,5,6],[3,4,5,9],[3,4,7,9],[3,7,8,9],[4,5,6,8],[4,5,7,8],[4,6,7,9]]

8010_106=[[1,2,3,4],[1,2,3,5],[1,2,4,5],[1,3,4,6],[1,3,5,6],[1,4,5,7],[1,4,6,7],[1,5,6,8],[1,5,7,8],[1,6,7,9],[1,6,8,9],[1,7,8,9],[2,3,4,7],[2,3,5,9],[2,3,7,9],[2,4,5,9],[2,4,6,8],[2,4,6,9],[2,4,7,8],[2,6,8,9],[2,7,8,9],[3,4,5,8],[3,4,5,9],[3,4,6,8],[3,4,7,9],[3,5,6,8],[4,5,7,8],[4,6,7,9]]

8010_107=[[1,2,3,4],[1,2,3,5],[1,2,4,5],[1,3,4,6],[1,3,5,6],[1,4,5,7],[1,4,6,7],[1,5,6,8],[1,5,7,8],[1,6,7,9],[1,6,8,9],[1,7,8,9],[2,3,4,8],[2,3,5,6],[2,3,6,7],[2,3,7,9],[2,3,8,9],[2,4,5,6],[2,4,6,9],[2,4,8,9],[2,6,7,9],[3,4,6,8],[3,6,7,8],[3,7,8,9],[4,5,6,7],[4,6,8,9],[5,6,7,8]]

8010_108=[[1,2,3,4],[1,2,3,5],[1,2,4,5],[1,3,4,6],[1,3,5,6],[1,4,5,7],[1,4,6,7],[1,5,6,8],[1,5,7,8],[1,6,7,9],[1,6,8,9],[1,7,8,9],[2,3,4,8],[2,3,5,6],[2,3,6,7],[2,3,7,9],[2,3,8,9],[2,4,5,9],[2,4,8,9],[2,5,6,9],[2,6,7,9],[3,4,6,8],[3,6,7,8],[3,7,8,9],[4,5,6,7],[4,5,6,9],[4,6,8,9],[5,6,7,8]]

8010_109=[[1,2,3,4],[1,2,3,5],[1,2,4,5],[1,3,4,6],[1,3,5,6],[1,4,5,7],[1,4,6,7],[1,5,6,8],[1,5,7,8],[1,6,7,9],[1,6,8,9],[1,7,8,9],[2,3,4,8],[2,3,5,7],[2,3,7,8],[2,4,5,8],[2,5,6,8],[2,5,6,9],[2,5,7,9],[2,6,8,9],[2,7,8,9],[3,4,5,8],[3,4,5,9],[3,4,6,9],[3,5,6,9],[3,5,7,8],[4,5,7,9],[4,6,7,9]]

8010_110=[[1,2,3,4],[1,2,3,5],[1,2,4,5],[1,3,4,6],[1,3,5,6],[1,4,5,7],[1,4,6,7],[1,5,6,8],[1,5,7,8],[1,6,7,9],[1,6,8,9],[1,7,8,9],[2,3,4,8],[2,3,5,7],[2,3,7,8],[2,4,5,9],[2,4,8,9],[2,5,6,7],[2,5,6,9],[2,6,7,9],[2,7,8,9],[3,4,5,6],[3,4,5,9],[3,4,8,9],[3,5,7,8],[3,5,8,9],[4,5,6,7],[5,6,8,9]]

8010_111=[[1,2,3,4],[1,2,3,5],[1,2,4,5],[1,3,4,6],[1,3,5,6],[1,4,5,7],[1,4,6,7],[1,5,6,8],[1,5,7,8],[1,6,7,9],[1,6,8,9],[1,7,8,9],[2,3,4,8],[2,3,5,7],[2,3,7,8],[2,4,5,9],[2,4,8,9],[2,5,7,9],[2,7,8,9],[3,4,5,6],[3,4,5,9],[3,4,8,9],[3,5,7,8],[3,5,8,9],[4,5,6,7],[5,6,7,9],[5,6,8,9]]

8010_112=[[1,2,3,4],[1,2,3,5],[1,2,4,5],[1,3,4,6],[1,3,5,6],[1,4,5,7],[1,4,6,7],[1,5,6,8],[1,5,7,8],[1,6,7,9],[1,6,8,9],[1,7,8,9],[2,3,4,8],[2,3,5,8],[2,4,5,9],[2,4,8,9],[2,5,6,7],[2,5,6,9],[2,5,7,8],[2,6,7,9],[2,7,8,9],[3,4,5,7],[3,4,5,9],[3,4,6,7],[3,4,8,9],[3,5,6,7],[3,5,8,9],[5,6,8,9]]

8010_113=[[1,2,3,4],[1,2,3,5],[1,2,4,5],[1,3,4,6],[1,3,5,6],[1,4,5,7],[1,4,6,7],[1,5,6,8],[1,5,7,8],[1,6,7,9],[1,6,8,9],[1,7,8,9],[2,3,4,8],[2,3,5,9],[2,3,6,7],[2,3,6,8],[2,3,7,9],[2,4,5,9],[2,4,8,9],[2,6,7,8],[2,7,8,9],[3,4,6,8],[3,5,6,9],[3,6,7,9],[4,5,6,7],[4,5,6,9],[4,6,8,9],[5,6,7,8]]

8010_114=[[1,2,3,4],[1,2,3,5],[1,2,4,5],[1,3,4,6],[1,3,5,6],[1,4,5,7],[1,4,6,7],[1,5,6,8],[1,5,7,8],[1,6,7,9],[1,6,8,9],[1,7,8,9],[2,3,4,8],[2,3,5,9],[2,3,6,7],[2,3,6,9],[2,3,7,8],[2,4,5,9],[2,4,8,9],[2,6,7,9],[2,7,8,9],[3,4,5,7],[3,4,5,9],[3,4,6,7],[3,4,8,9],[3,5,6,8],[3,5,7,8],[3,6,8,9]]

8010_115=[[1,2,3,4],[1,2,3,5],[1,2,4,5],[1,3,4,6],[1,3,5,6],[1,4,5,7],[1,4,6,7],[1,5,6,8],[1,5,7,8],[1,6,7,9],[1,6,8,9],[1,7,8,9],[2,3,4,8],[2,3,5,9],[2,3,6,7],[2,3,6,9],[2,3,7,8],[2,4,5,9],[2,4,8,9],[2,6,7,9],[2,7,8,9],[3,4,6,8],[3,5,6,9],[3,6,7,8],[4,5,6,7],[4,5,6,9],[4,6,8,9],[5,6,7,8]]

8010_116=[[1,2,3,4],[1,2,3,5],[1,2,4,5],[1,3,4,6],[1,3,5,6],[1,4,5,7],[1,4,6,7],[1,5,6,8],[1,5,7,8],[1,6,7,9],[1,6,8,9],[1,7,8,9],[2,3,4,8],[2,3,5,9],[2,3,7,8],[2,3,7,9],[2,4,5,6],[2,4,6,9],[2,4,8,9],[2,5,6,9],[2,7,8,9],[3,4,6,8],[3,5,6,9],[3,6,7,8],[3,6,7,9],[4,5,6,7],[4,6,8,9],[5,6,7,8]]

8010_117=[[1,2,3,4],[1,2,3,5],[1,2,4,5],[1,3,4,6],[1,3,5,6],[1,4,5,7],[1,4,6,7],[1,5,6,8],[1,5,7,8],[1,6,7,9],[1,6,8,9],[1,7,8,9],[2,3,4,8],[2,3,5,9],[2,3,7,8],[2,3,7,9],[2,4,5,8],[2,5,6,8],[2,5,6,9],[2,6,8,9],[2,7,8,9],[3,4,5,6],[3,4,5,8],[3,5,7,8],[3,5,7,9],[4,5,6,9],[4,5,7,9],[4,6,7,9]]

8010_118=[[1,2,3,4],[1,2,3,5],[1,2,4,5],[1,3,4,6],[1,3,5,6],[1,4,5,7],[1,4,6,7],[1,5,6,8],[1,5,7,8],[1,6,7,9],[1,6,8,9],[1,7,8,9],[2,3,4,9],[2,3,5,6],[2,3,6,7],[2,3,7,8],[2,3,8,9],[2,4,5,9],[2,5,6,9],[2,6,7,9],[2,7,8,9],[3,4,6,8],[3,4,8,9],[3,6,7,8],[4,5,6,7],[4,5,6,9],[4,6,8,9],[5,6,7,8]]

8010_119=[[1,2,3,4],[1,2,3,5],[1,2,4,5],[1,3,4,6],[1,3,5,6],[1,4,5,7],[1,4,6,7],[1,5,6,8],[1,5,7,8],[1,6,7,9],[1,6,8,9],[1,7,8,9],[2,3,4,9],[2,3,5,6],[2,3,6,7],[2,3,7,8],[2,3,8,9],[2,4,5,9],[2,5,6,9],[2,6,7,9],[2,7,8,9],[3,4,6,9],[3,6,7,8],[3,6,8,9],[4,5,6,8],[4,5,6,9],[4,5,7,8],[4,6,7,8]]

8010_120=[[1,2,3,4],[1,2,3,5],[1,2,4,5],[1,3,4,6],[1,3,5,6],[1,4,5,7],[1,4,6,7],[1,5,6,8],[1,5,7,9],[1,5,8,9],[1,6,7,8],[1,7,8,9],[2,3,4,6],[2,3,5,7],[2,3,6,9],[2,3,7,8],[2,3,8,9],[2,4,5,9],[2,4,6,9],[2,5,7,8],[2,5,8,9],[3,5,6,9],[3,5,7,9],[3,7,8,9],[4,5,6,8],[4,5,6,9],[4,5,7,8],[4,6,7,8]]

8010_121=[[1,2,3,4],[1,2,3,5],[1,2,4,5],[1,3,4,6],[1,3,5,6],[1,4,5,7],[1,4,6,7],[1,5,6,8],[1,5,7,9],[1,5,8,9],[1,6,7,8],[1,7,8,9],[2,3,4,6],[2,3,5,8],[2,3,6,9],[2,3,7,8],[2,3,7,9],[2,4,5,9],[2,4,6,9],[2,5,8,9],[2,7,8,9],[3,5,6,9],[3,5,7,8],[3,5,7,9],[4,5,6,8],[4,5,6,9],[4,5,7,8],[4,6,7,8]]

8010_122=[[1,2,3,4],[1,2,3,5],[1,2,4,5],[1,3,4,6],[1,3,5,6],[1,4,5,7],[1,4,6,7],[1,5,6,8],[1,5,7,9],[1,5,8,9],[1,6,7,8],[1,7,8,9],[2,3,4,8],[2,3,5,7],[2,3,7,8],[2,4,5,9],[2,4,8,9],[2,5,6,7],[2,5,6,8],[2,5,8,9],[2,6,7,8],[3,4,6,9],[3,4,8,9],[3,5,6,9],[3,5,7,9],[3,7,8,9],[4,5,6,7],[4,5,6,9]]

8010_123=[[1,2,3,4],[1,2,3,5],[1,2,4,5],[1,3,4,6],[1,3,5,6],[1,4,5,7],[1,4,6,7],[1,5,6,8],[1,5,7,9],[1,5,8,9],[1,6,7,8],[1,7,8,9],[2,3,4,8],[2,3,5,7],[2,3,7,9],[2,3,8,9],[2,4,5,8],[2,5,6,7],[2,5,6,8],[2,6,7,8],[2,7,8,9],[3,4,6,9],[3,4,8,9],[3,5,6,9],[3,5,7,9],[4,5,6,7],[4,5,6,9],[4,5,8,9]]

8010_124=[[1,2,3,4],[1,2,3,5],[1,2,4,5],[1,3,4,6],[1,3,5,6],[1,4,5,7],[1,4,6,7],[1,5,6,8],[1,5,7,9],[1,5,8,9],[1,6,7,8],[1,7,8,9],[2,3,4,8],[2,3,5,9],[2,3,8,9],[2,4,5,8],[2,5,6,7],[2,5,6,8],[2,5,7,9],[2,6,7,8],[2,7,8,9],[3,4,6,9],[3,4,8,9],[3,5,6,9],[4,5,6,7],[4,5,6,9],[4,5,8,9]]

8010_125=[[1,2,3,4],[1,2,3,5],[1,2,4,5],[1,3,4,6],[1,3,5,6],[1,4,5,7],[1,4,6,7],[1,5,6,8],[1,5,7,9],[1,5,8,9],[1,6,7,8],[1,7,8,9],[2,3,4,9],[2,3,5,6],[2,3,6,7],[2,3,7,9],[2,4,5,6],[2,4,6,8],[2,4,8,9],[2,6,7,8],[2,7,8,9],[3,4,6,9],[3,6,7,9],[4,5,6,7],[4,6,8,9],[5,6,7,9],[5,6,8,9]]

8010_126=[[1,2,3,4],[1,2,3,5],[1,2,4,5],[1,3,4,6],[1,3,5,6],[1,4,5,7],[1,4,6,7],[1,5,6,8],[1,5,7,9],[1,5,8,9],[1,6,7,8],[1,7,8,9],[2,3,4,9],[2,3,5,7],[2,3,7,9],[2,4,5,8],[2,4,8,9],[2,5,6,7],[2,5,6,8],[2,6,7,8],[2,7,8,9],[3,4,6,9],[3,5,6,9],[3,5,7,9],[4,5,6,7],[4,5,6,9],[4,5,8,9]]

8010_127=[[1,2,3,4],[1,2,3,5],[1,2,4,5],[1,3,4,6],[1,3,5,6],[1,4,5,7],[1,4,6,7],[1,5,6,8],[1,5,7,9],[1,5,8,9],[1,6,7,8],[1,7,8,9],[2,3,4,9],[2,3,5,7],[2,3,7,9],[2,4,5,9],[2,5,6,7],[2,5,6,8],[2,5,8,9],[2,6,7,8],[2,7,8,9],[3,4,6,9],[3,5,6,9],[3,5,7,9],[4,5,6,7],[4,5,6,9]]

8010_128=[[1,2,3,4],[1,2,3,5],[1,2,4,5],[1,3,4,6],[1,3,5,6],[1,4,5,7],[1,4,6,7],[1,5,6,8],[1,5,7,9],[1,5,8,9],[1,6,7,9],[1,6,8,9],[2,3,4,8],[2,3,5,6],[2,3,6,7],[2,3,7,9],[2,3,8,9],[2,4,5,6],[2,4,6,9],[2,4,8,9],[2,6,7,9],[3,4,6,8],[3,6,7,8],[3,7,8,9],[4,5,6,7],[4,6,8,9],[5,6,7,8],[5,7,8,9]]

8010_129=[[1,2,3,4],[1,2,3,5],[1,2,4,5],[1,3,4,6],[1,3,5,6],[1,4,5,7],[1,4,6,7],[1,5,6,8],[1,5,7,9],[1,5,8,9],[1,6,7,9],[1,6,8,9],[2,3,4,8],[2,3,5,7],[2,3,7,9],[2,3,8,9],[2,4,5,8],[2,5,6,7],[2,5,6,8],[2,6,7,8],[2,7,8,9],[3,4,5,6],[3,4,5,9],[3,4,8,9],[3,5,7,9],[4,5,6,7],[4,5,8,9],[6,7,8,9]]

8010_130=[[1,2,3,4],[1,2,3,5],[1,2,4,5],[1,3,4,6],[1,3,5,6],[1,4,5,7],[1,4,6,7],[1,5,6,8],[1,5,7,9],[1,5,8,9],[1,6,7,9],[1,6,8,9],[2,3,4,9],[2,3,5,9],[2,4,5,8],[2,4,8,9],[2,5,6,7],[2,5,6,8],[2,5,7,9],[2,6,7,9],[2,6,8,9],[3,4,6,7],[3,4,7,8],[3,4,8,9],[3,5,6,7],[3,5,7,8],[3,5,8,9],[4,5,7,8]]

8010_131=[[1,2,3,4],[1,2,3,5],[1,2,4,5],[1,3,4,6],[1,3,5,7],[1,3,6,7],[1,4,5,8],[1,4,6,8],[1,5,7,9],[1,5,8,9],[1,6,7,8],[1,7,8,9],[2,3,4,9],[2,3,5,8],[2,3,8,9],[2,4,5,7],[2,4,7,9],[2,5,6,7],[2,5,6,8],[2,6,7,8],[2,7,8,9],[3,4,6,9],[3,5,6,7],[3,5,6,9],[3,5,8,9],[4,5,6,8],[4,5,6,9],[4,5,7,9]]
